 14.644596099853516
 14.744869947433472
 14.401034355163574
 14.715164422988892
 14.593822479248047
 14.634727478027344
 14.837337732315063
 14.66745662689209
 14.85059404373169
 14.539292812347412
 14.58230185508728
 14.600583553314209
 14.649450540542603
 14.546929121017456
 14.491814851760864
 14.724530696868896
 14.854366302490234
 14.291442394256592
 14.900183916091919
 14.412546873092651
 14.620615005493164
 14.375393152236938
 14.449942588806152
 14.17291259765625
 14.469213485717773
 14.275464296340942
 14.453393697738647
 14.561708927154541
 14.34241771697998
 14.466772079467773
 14.488836526870728
 14.712870836257935
 14.37265920639038
 14.889758110046387
 14.347856760025024
 14.622527360916138
 14.281874179840088
 14.447338819503784
 14.970356464385986
 14.202079772949219
 14.246257781982422
 14.562302589416504
 14.135155439376831
 14.033743381500244
 14.501457452774048
 14.33413553237915
 14.629536867141724
 13.946131706237793
 14.396658420562744
 16.737281560897827
 15.69397234916687
 14.871542692184448
 13.932975769042969
 14.355102062225342
 14.395831108093262
 14.53637170791626
 14.306434631347656
 14.099890232086182
 14.48435091972351
 14.307477474212646
 14.34293794631958
 14.503639698028564
 14.67500615119934
 14.482943773269653
 14.284654140472412
 14.404645919799805
 14.545414209365845
 14.123152494430542
 14.230829954147339
 14.239378452301025
 14.764254331588745
 14.378252029418945
 14.294760465621948
 14.073238134384155
 14.124126434326172
 14.265141487121582
 14.095705032348633
 14.515799283981323
 14.174842834472656
 14.210196256637573
 14.236506223678589
 14.26983642578125
 14.445402145385742
 14.310338735580444
 14.466479778289795
 14.378251791000366
 13.882803440093994
 13.884488582611084
 13.901460647583008
 14.120152473449707
 14.344159126281738
 14.220510005950928
 14.403780460357666
 14.296704769134521
 14.496741533279419
 14.39037823677063
 14.498580932617188
 14.27402138710022
 14.118664979934692
 14.424325942993164
 13.900585174560547
 13.8895902633667
 13.913000345230103
 14.082525730133057
 14.219942808151245
 13.883456945419312
 14.205509901046753
 14.508296251296997
 14.197096347808838
 14.438356637954712
 13.988392353057861
 13.980555534362793
 13.856549978256226
 13.945198059082031
 14.76936411857605
 14.144150257110596
 14.315283060073853
 14.182292461395264
 14.056229591369629
 14.181430339813232
 14.237521409988403
 14.101373195648193
 14.271419286727905
 14.037339448928833
 14.528064250946045
 14.225854396820068
 14.33494234085083
 14.26240873336792
 14.227892875671387
 14.429072856903076
 14.142529249191284
 14.170538663864136
 14.516355276107788
 14.142175912857056
 14.188158988952637
 14.02170205116272
 14.119697332382202
 15.709250926971436
 14.156370878219604
 14.223674774169922
 14.128816843032837
 14.196381092071533
 14.451645612716675
 14.347954511642456
 14.433693885803223
 14.1952064037323
 14.389097213745117
 14.241015434265137
 14.529237270355225
 14.18866753578186
 14.28403902053833
 14.248121738433838
 14.20815134048462
 14.225341320037842
 14.179783821105957
 14.352735757827759
 14.07578706741333
 14.401302814483643
 14.562368154525757
 13.99315333366394
 14.026582956314087
 14.290988445281982
 14.202929258346558
 14.103680610656738
 14.39594054222107
 14.35533595085144
 14.068223714828491
 14.834060668945312
 14.291374921798706
 14.137681484222412
 14.525901794433594
 14.266661882400513
 14.283747673034668
 13.865087747573853
 14.079526662826538
 14.133655071258545
 14.48283863067627
 14.27656865119934
 14.465296506881714
 14.285743474960327
 14.157014608383179
 14.452147245407104
 14.23343300819397
 14.077953815460205
 14.48493766784668
 14.198829889297485
 14.510990142822266
 14.439945220947266
 14.349001169204712
 14.388522624969482
 14.059829950332642
 14.056225061416626
 14.297991275787354
 14.055465698242188
 14.194977045059204
 14.900675773620605
 14.284648895263672
 14.540623664855957
 14.381482124328613
 13.905690670013428
 13.912160396575928
 14.010921716690063
 14.24318790435791
 14.356752872467041
 14.185928344726562
 14.82927131652832
 14.375325441360474
 14.135960340499878
 14.256262063980103
 14.296076774597168
 14.118295192718506
 14.016406536102295
 14.153501272201538
 14.458370685577393
 14.460922479629517
 14.330003023147583
 14.326923847198486
 14.350160360336304
 14.486430168151855
 14.276904344558716
 14.14434003829956
 13.89216136932373
 13.799818515777588
 13.782198905944824
 15.03726315498352
 15.595308065414429
 15.841039180755615
 14.335744619369507
 14.188781023025513
 14.293145895004272
 14.463512659072876
 14.329920768737793
 14.06381106376648
 14.289863586425781
 13.893705606460571
 13.911432266235352
 13.885151386260986
 13.88038969039917
 13.872025728225708
 14.049783706665039
 14.130642175674438
 14.089190483093262
 14.04480767250061
 14.280067682266235
 14.612135648727417
 14.442387819290161
 14.424588680267334
 14.370949029922485
 14.229177713394165
 14.144597053527832
 14.6226966381073
 14.336899518966675
 14.580446481704712
 14.455022096633911
 14.449329853057861
 14.23249101638794
 14.357454061508179
 14.423574447631836
 14.2381010055542
 14.455534219741821
 14.565595149993896
 14.660246133804321
 14.114779949188232
 14.423975706100464
 14.421379804611206
 14.219996929168701
 14.364309310913086
 14.47325611114502
 14.294250965118408
 14.595529556274414
 14.471277713775635
 14.433268070220947
 14.222213983535767
 14.300970315933228
 14.149422407150269
 14.25460696220398
 14.190873146057129
 14.275763511657715
 14.103200912475586
 14.077533960342407
 14.37286376953125
 14.254523754119873
 14.14142370223999
 14.850292921066284
 14.301193475723267
 14.074466228485107
 14.247493982315063
 14.505404949188232
 14.053725481033325
 14.339282751083374
 14.41301965713501
 14.200126886367798
 14.245102167129517
 14.387208223342896
 14.346817970275879
 14.527231931686401
 14.185782194137573
 14.648988246917725
 14.7113778591156
 14.165985584259033
 14.379825353622437
 14.134603500366211
 14.182377338409424
 14.084074020385742
 14.105974912643433
 14.120184898376465
 13.992275714874268
 14.229776382446289
 14.315141677856445
 14.185824632644653
 14.261212348937988
 14.71126937866211
 14.79187798500061
 14.365085124969482
 14.087331056594849
 14.143710613250732
 14.161684036254883
 14.198880434036255
 14.041902303695679
 14.064006090164185
 14.41549038887024
 14.230077743530273
 14.222264766693115
 14.61634111404419
 14.209665775299072
 14.554641485214233
 14.341975688934326
 14.070741653442383
 14.208069801330566
 14.454895496368408
 14.431884050369263
 14.521690368652344
 14.515306949615479
 14.070503950119019
 14.420417785644531
 14.622738599777222
 14.42433762550354
 14.271049499511719
 14.228918075561523
 14.0673246383667
 14.249686002731323
 14.369425535202026
 14.141357421875
 14.010555505752563
 14.06192946434021
 14.08309817314148
 14.583499193191528
 14.480457782745361
 14.247831106185913
 14.273811340332031
 14.183530807495117
 14.33163595199585
 14.408123254776001
 14.155790090560913
 14.435839653015137
 14.34441351890564
 14.283737659454346
 14.254777193069458
 14.334744930267334
 14.203647375106812
 14.218125343322754
 14.325761556625366
 14.694067478179932
 14.226338863372803
 14.333481550216675
 14.465985536575317
 14.210790395736694
 14.340079307556152
 14.254656553268433
 14.51488208770752
 14.494674682617188
 14.38689374923706
 14.344024181365967
 14.267166376113892
 14.369023323059082
 14.272454738616943
 14.168968677520752
 14.301655292510986
 14.225175380706787
 14.340821266174316
 14.430439472198486
 14.396690368652344
 14.129438638687134
 14.164957523345947
 14.169904232025146
 14.03860354423523
 14.317344903945923
 14.426900148391724
 14.500035762786865
 14.821879148483276
 14.08055567741394
 14.234113216400146
 14.648077487945557
 14.565543413162231
 14.20016884803772
 14.18601942062378
 14.182071208953857
 14.15652847290039
 14.00796103477478
 14.521463871002197
 14.175252437591553
 14.29415774345398
 14.101197004318237
 14.10540223121643
 14.084104537963867
 14.100258588790894
 14.3950936794281
 14.543949365615845
 14.143775224685669
 14.307373046875
 14.14033555984497
 14.447023391723633
 14.336669206619263
 14.50259518623352
 14.432186126708984
 14.352991104125977
 14.390683650970459
 14.397358179092407
 14.445120334625244
 14.099080562591553
 14.192161083221436
 14.395961046218872
 14.419898748397827
 14.213513851165771
 14.423590421676636
 14.292190313339233
 14.066516399383545
 14.627984046936035
 14.462313413619995
 14.15555715560913
 14.056676387786865
 14.114110708236694
 13.971175909042358
 14.077866554260254
 14.221679210662842
 14.119379997253418
 14.363919734954834
 14.58854866027832
 14.430530071258545
 14.183696269989014
 14.208691596984863
 14.11678671836853
 14.180581331253052
 14.104496955871582
 14.532761335372925
 14.248324155807495
 14.32191801071167
 14.571125984191895
 14.581789255142212
 14.138338565826416
 14.204601526260376
 14.654732465744019
 14.480275869369507
 14.462167501449585
 14.371099710464478
 14.271349430084229
 14.270339727401733
 14.535168886184692
 14.034668922424316
 14.343176364898682
 14.50114130973816
 14.127554655075073
 14.226998805999756
 14.22758150100708
 14.895147800445557
 14.208932638168335
 14.12860631942749
 14.029128074645996
 14.412065505981445
 14.258329153060913
 14.11002516746521
 14.07608675956726
 14.216882467269897
 14.255625247955322
 14.097016096115112
 14.161590576171875
 14.46517014503479
 14.705487966537476
 14.279348134994507
 14.15345549583435
 14.16130256652832
 14.311116456985474
 14.118350267410278
 14.52896761894226
 14.487362146377563
 14.494385957717896
 14.345369338989258
 14.265437364578247
 14.406848907470703
 14.48173213005066
 14.078574657440186
 14.096265077590942
 14.059859991073608
 13.913558721542358
 14.108065366744995
 14.051249504089355
 14.47267770767212
 14.351059675216675
 14.446814775466919
 13.990891695022583
 13.898633003234863
 13.899927139282227
 13.875086545944214
 13.89929723739624
 13.895012617111206
 13.908210515975952
 13.886148452758789
 13.902605772018433
 14.006379127502441
 14.276346445083618
 14.37027359008789
 14.186328172683716
 14.710239171981812
 14.181008577346802
 14.327435970306396
 14.371057987213135
 14.499118328094482
 14.369338989257812
 13.912001609802246
 13.907459497451782
 14.406999111175537
 14.46240520477295
 14.21187686920166
 14.381333351135254
 14.418731927871704
 14.458527565002441
 14.035844564437866
 14.165456295013428
 14.352733850479126
 14.297716856002808
 14.284040689468384
 14.524581670761108
 14.424548864364624
 14.171198606491089
 14.31104040145874
 14.394901514053345
 14.450771808624268
 14.186800956726074
 13.92353367805481
 14.077189445495605
 14.149640798568726
 14.276901960372925
 14.42582893371582
 14.00517201423645
 14.08760666847229
 14.495056390762329
 14.663660287857056
 14.314627647399902
 14.093811988830566
 14.412461757659912
 14.592898607254028
 14.53581428527832
 14.222521781921387
 14.132591485977173
 13.970188617706299
 14.356853723526001
 14.261605501174927
 14.187638282775879
 14.167231321334839
 14.348533153533936
 14.58316969871521
 14.325269937515259
 14.215708017349243
 14.22848892211914
 14.24971079826355
 14.276718854904175
 14.272221803665161
 13.990864276885986
 14.211327314376831
 14.137065649032593
 14.291925430297852
 14.18431806564331
 13.970420837402344
 14.721614599227905
 14.667224168777466
 14.164297819137573
 14.515194416046143
 14.332332134246826
 14.384385108947754
 14.458702325820923
 14.007301807403564
 14.22820496559143
 14.629976511001587
 14.302514553070068
 14.36431336402893
 14.198824882507324
 14.20663857460022
 14.18317985534668
 14.20572543144226
 14.638933181762695
 14.538561820983887
 14.292627573013306
 14.358431100845337
 14.514841079711914
 14.28369688987732
 14.256837368011475
 14.06910490989685
 14.208357334136963
 14.371066331863403
 14.340795278549194
 14.473800420761108
 14.072562217712402
 14.407184362411499
 14.599289894104004
 14.332497119903564
 14.319218635559082
 14.246876001358032
 14.433398962020874
 14.12611699104309
 14.528105020523071
 14.642406940460205
 14.571303367614746
 14.630013704299927
 14.051895141601562
 14.741340637207031
 14.342997550964355
 14.515976190567017
 14.212904453277588
 14.368720293045044
 14.13157320022583
 14.206993579864502
 14.594525337219238
 14.220770120620728
 14.454330205917358
 14.426635980606079
 14.03026795387268
 14.094133138656616
 14.220156192779541
 14.305691719055176
 14.393880367279053
 14.558722257614136
 14.305525302886963
 14.248219728469849
 14.240182161331177
 14.169399976730347
 14.312507629394531
 14.455610275268555
 14.625529766082764
 14.350220918655396
 14.312276840209961
 14.33876657485962
 14.273127555847168
 14.399068832397461
 14.385851621627808
 14.357104778289795
 14.016294717788696
 14.4307222366333
 14.341669797897339
 14.448863983154297
 14.167595386505127
 14.295631408691406
 14.278349876403809
 14.386074304580688
 14.201146364212036
 14.619713068008423
 14.285598516464233
 14.63366436958313
 14.284477472305298
 14.48972749710083
 14.269227504730225
 14.813615798950195
 14.409471273422241
 14.026488065719604
 14.449420928955078
 14.334378004074097
 14.301724910736084
 14.471440553665161
 14.23845100402832
 13.955793380737305
 14.22197937965393
 14.23983907699585
 14.454258680343628
 14.204370498657227
 14.362436532974243
 14.41688346862793
 14.596874713897705
 14.497804164886475
 14.169404029846191
 14.59412956237793
 14.242506265640259
 14.560774564743042
 14.345563411712646
 14.302531719207764
 14.464083671569824
 14.278210163116455
 14.47466778755188
 14.723935604095459
 14.099279642105103
 13.995970726013184
 14.494472742080688
 14.106798887252808
 14.410627603530884
 14.162545204162598
 14.070362091064453
 14.124030590057373
 14.307993173599243
 14.354697227478027
 14.329582691192627
 14.292298793792725
 14.323341131210327
 14.550937175750732
 14.214447975158691
 14.282046794891357
 14.379643678665161
 14.67739462852478
 14.385557174682617
 14.455688238143921
 14.358562707901001
 14.220873832702637
 14.264020204544067
 14.524458408355713
 14.48439908027649
 14.056263208389282
 14.117111682891846
 14.367077589035034
 14.398576736450195
 14.345811128616333
 14.253381729125977
 14.41614842414856
 14.344513177871704
 14.412639617919922
 14.627320289611816
 14.57798147201538
 14.326719284057617
 14.659982442855835
 14.701201438903809
 14.398105144500732
 14.349241733551025
 14.392809391021729
 14.357695579528809
 14.379451036453247
 14.232278108596802
 13.972143411636353
 13.952086925506592
 13.960397958755493
 13.934327363967896
 13.956637620925903
 13.940974235534668
 13.936225175857544
 13.915405988693237
 14.19161581993103
 14.37415337562561
 14.132768869400024
 14.277754068374634
 14.211030006408691
 14.789693355560303
 14.42284893989563
 14.683227777481079
 16.4212965965271
 14.133543968200684
 14.401944398880005
 14.434575319290161
 14.190040588378906
 14.319703817367554
 14.365827560424805
 14.624367237091064
 14.352011680603027
 14.2684485912323
 14.358966588973999
 14.43777871131897
 14.204469442367554
 14.432226419448853
 14.40890622138977
 14.438212871551514
 14.121772050857544
 13.976902484893799
 13.92371654510498
 13.957120895385742
 13.932023048400879
 13.91966986656189
 13.947298526763916
 13.90796685218811
 13.918562412261963
 13.972609758377075
 14.372567892074585
 14.24043583869934
 14.397076845169067
 14.70711612701416
 14.144368410110474
 14.319044351577759
 14.47031831741333
 14.23097014427185
 14.727443933486938
 14.471457242965698
 14.443239450454712
 14.463711261749268
 14.357351303100586
 13.977015256881714
 14.551708936691284
 14.299733877182007
 14.104892253875732
 13.918177366256714
 13.927658081054688
 13.936658143997192
 14.257801055908203
 14.666459798812866
 14.269047737121582
 14.098499774932861
 14.228109359741211
 14.559658765792847
 14.212908744812012
 14.577515840530396
 14.003064393997192
 14.382743835449219
 14.442945718765259
 14.400051355361938
 14.314561367034912
 14.437885284423828
 14.606560945510864
 14.393168926239014
 14.325504064559937
 14.384661674499512
 14.160128831863403
 14.220008850097656
 14.442147970199585
 14.08157753944397
 14.435076236724854
 14.04658031463623
 14.476635217666626
 14.569193363189697
 14.831976175308228
 14.461638927459717
 14.32016372680664
 14.547821998596191
 14.181859016418457
 14.307689189910889
 14.47023868560791
 14.2803635597229
 14.375925302505493
 14.586570978164673
 14.257343292236328
 14.263614416122437
 14.203197240829468
 14.329300165176392
 14.276843786239624
 14.297141551971436
 14.638190031051636
 14.44171953201294
 14.58022665977478
 14.132780075073242
 14.279790163040161
 14.289637088775635
 14.318387031555176
 14.498183012008667
 14.355813264846802
 14.362515687942505
 14.148261547088623
 14.63197922706604
 14.249832391738892
 14.441883563995361
 14.196402072906494
 14.414434671401978
 14.456726312637329
 14.202977895736694
 14.219924926757812
 14.352057695388794
 14.49630355834961
 14.337904691696167
 14.520882844924927
 14.107306718826294
 14.330864191055298
 14.341443061828613
 14.325596332550049
 14.518174171447754
 14.774554967880249
 14.037404775619507
 14.485705614089966
 14.140240669250488
 14.461141347885132
 14.468828678131104
 14.319746255874634
 14.505338668823242
 14.181324481964111
 14.416908979415894
 14.136413812637329
 14.178955554962158
 14.3391592502594
 14.37795901298523
 14.19248652458191
 14.117329359054565
 14.246266603469849
 14.410911798477173
 14.561184883117676
 14.120984315872192
 14.254968166351318
 14.34899640083313
 14.558840036392212
 14.287394762039185
 14.617802858352661
 14.367863655090332
 14.42798662185669
 14.47445821762085
 14.612035989761353
 14.436655521392822
 14.161202669143677
 14.528836727142334
 14.255402565002441
 14.224653244018555
 14.27971363067627
 14.422526121139526
 14.45632791519165
 14.594027519226074
 14.470982074737549
 14.214651107788086
 14.314429521560669
 14.339523553848267
 14.623647212982178
 14.21609377861023
 14.48543906211853
 14.371724367141724
 14.48334813117981
 14.366497993469238
 14.447709798812866
 14.289643049240112
 14.597186088562012
 14.28248381614685
 14.562774419784546
 14.697309494018555
 14.44020414352417
 14.488863945007324
 14.727511644363403
 14.50306248664856
 14.932085037231445
 14.426340818405151
 14.426287412643433
 14.707177877426147
 14.419275283813477
 14.370918035507202
 14.320438861846924
 14.385260581970215
 14.2563955783844
 14.231533765792847
 14.693792819976807
 14.201595067977905
 14.585269689559937
 14.280999660491943
 14.372145175933838
 14.487966775894165
 14.250203132629395
 14.470311880111694
 14.38351845741272
 14.495807409286499
 14.378441572189331
 14.344679594039917
 14.429672718048096
 14.721498489379883
 14.43306279182434
 14.335259675979614
 14.48470950126648
 14.756890058517456
 14.485528230667114
 14.134735107421875
 14.49166202545166
 14.28539776802063
 14.204537630081177
 14.217018127441406
 14.525016069412231
 14.276250123977661
 14.53253698348999
 14.305357933044434
 14.406192779541016
 14.368903875350952
 14.375367641448975
 14.127742290496826
 14.25830340385437
 14.447160959243774
 14.413715600967407
 14.356662511825562
 14.293470621109009
 14.698052406311035
 14.371753215789795
 14.670531511306763
 14.164129495620728
 14.368558883666992
 14.25176215171814
 14.534946918487549
 14.132288932800293
 13.881561040878296
 13.98442554473877
 14.258950233459473
 14.170595645904541
 14.08711576461792
 14.203996658325195
 14.450381994247437
 14.633446455001831
 14.474284410476685
 14.264024019241333
 14.508581638336182
 14.3392915725708
 14.287271976470947
 14.474775075912476
 14.45031452178955
 14.534681558609009
 14.143134593963623
 14.224745988845825
 14.193370580673218
 14.460240840911865
 14.379064321517944
 14.282779932022095
 14.310067176818848
