 14.445613145828247
 13.93478012084961
 13.852610349655151
 13.750564575195312
 13.723414897918701
 13.709668636322021
 13.871618509292603
 13.953302383422852
 13.803754091262817
 13.897162914276123
 13.68904972076416
 13.90234112739563
 13.877736806869507
 14.186608076095581
 13.730261325836182
 14.139089822769165
 13.801976680755615
 13.994784116744995
 13.899763584136963
 13.757524251937866
 13.701156854629517
 13.733409881591797
 13.684696674346924
 13.702571868896484
 13.87324595451355
 14.59537148475647
 15.46391224861145
 14.254173755645752
 14.601675271987915
 14.764297008514404
 13.78607177734375
 13.816338539123535
 13.710746049880981
 13.611352920532227
 13.76245903968811
 13.915333032608032
 13.859508991241455
 13.765877723693848
 13.645901203155518
 14.278032064437866
 13.881606101989746
 13.728277921676636
 13.86313271522522
 13.793642520904541
 13.607107639312744
 13.872565507888794
 14.001804113388062
 14.065542936325073
 14.18903636932373
 15.843994617462158
 15.34651231765747
 14.339078187942505
 13.619886875152588
 13.598135471343994
 13.521631002426147
 13.39064884185791
 13.407516479492188
 13.436943054199219
 13.435356855392456
 13.707442045211792
 13.70366096496582
 13.980332612991333
 13.980710744857788
 13.957908153533936
 13.905982255935669
 13.848157167434692
 13.660239696502686
 13.795682907104492
 14.106016635894775
 14.010929584503174
 13.705453395843506
 13.868706226348877
 13.71790599822998
 13.376043796539307
 13.38331937789917
 13.368750095367432
 13.368985652923584
 13.391212701797485
 13.425803899765015
 13.543368577957153
 13.4034583568573
 13.675932168960571
 13.874795198440552
 13.835167169570923
 13.942004680633545
 13.6930091381073
 13.895893096923828
 13.98783278465271
 14.301949262619019
 13.88892126083374
 13.954280614852905
 13.357670307159424
 13.320195436477661
 13.376577138900757
 13.32353162765503
 13.413421392440796
 13.496366500854492
 13.421234369277954
 13.68530559539795
 13.508960723876953
 13.748625993728638
 13.94090986251831
 13.823063135147095
 13.899012088775635
 13.93577527999878
 13.99220323562622
 13.888646364212036
 13.753702402114868
 13.968514204025269
 14.06830883026123
 14.264642715454102
 14.076879501342773
 14.007929801940918
 14.094273328781128
 14.067147731781006
 13.868377208709717
 14.142685413360596
 13.915690422058105
 13.885353565216064
 14.06960129737854
 13.717294216156006
 14.046786069869995
 13.962934732437134
 13.902239322662354
 13.888695478439331
 14.138585567474365
 13.979323387145996
 13.9217529296875
 14.035721063613892
 13.969349145889282
 14.249449014663696
 13.853628396987915
 14.059195518493652
 14.088986873626709
 14.322870969772339
 14.201506853103638
 14.078552007675171
 14.907894849777222
 14.005378246307373
 13.943532466888428
 13.731840372085571
 14.272407054901123
 14.1973237991333
 13.814337968826294
 14.263465881347656
 14.053351163864136
 13.983062505722046
 13.784083604812622
 13.90796184539795
 14.096118211746216
 14.080541849136353
 13.942418575286865
 14.056951999664307
 13.900306463241577
 13.956297636032104
 13.947407722473145
 13.54157018661499
 13.770318984985352
 14.271216869354248
 13.964058876037598
 14.034942388534546
 13.893252611160278
 13.972987651824951
 14.131624221801758
 13.716193914413452
 13.92888617515564
 14.014649629592896
 14.184959650039673
 13.94612717628479
 13.964603662490845
 14.014183759689331
 14.007179021835327
 13.80285120010376
 13.849437952041626
 13.707940816879272
 13.844570875167847
 13.840514898300171
 13.855647563934326
 14.23871111869812
 13.974140405654907
 14.151207208633423
 13.900625944137573
 13.912803411483765
 13.9174325466156
 14.25269603729248
 14.28511381149292
 13.984566926956177
 13.848302364349365
 13.831218242645264
 14.394286632537842
 14.100637197494507
 14.104150772094727
 14.077621459960938
 13.915712594985962
 14.07757306098938
 13.969632387161255
 14.174362659454346
 14.038734912872314
 13.979047060012817
 13.930774211883545
 14.092437267303467
 14.114672183990479
 13.893608093261719
 13.808749437332153
 14.123657464981079
 14.1344473361969
 14.234415531158447
 14.04912257194519
 14.005706310272217
 13.95268177986145
 14.193777561187744
 14.077555179595947
 14.053447961807251
 14.097216367721558
 13.812808275222778
 14.172272443771362
 13.963812351226807
 13.939412593841553
 13.980950355529785
 14.024911165237427
 14.103860855102539
 13.732491493225098
 14.073884725570679
 14.06814193725586
 15.255711078643799
 15.408707857131958
 15.604253768920898
 13.978729486465454
 14.05170726776123
 14.231084108352661
 13.975950717926025
 13.730379104614258
 14.231943607330322
 13.909969568252563
 13.98835825920105
 14.055101871490479
 14.197704076766968
 14.053767919540405
 14.260844945907593
 13.932189702987671
 13.893036365509033
 14.206838607788086
 14.175939559936523
 14.322292566299438
 13.995941638946533
 13.981553077697754
 13.882195234298706
 13.811287879943848
 13.915468692779541
 14.037907361984253
 14.094195365905762
 13.790780782699585
 13.866533279418945
 13.965474605560303
 13.805473327636719
 13.900760412216187
 13.719668626785278
 13.773860454559326
 14.064625263214111
 13.887959241867065
 13.901801347732544
 13.988447904586792
 14.135934591293335
 14.182862758636475
 13.924892663955688
 13.912099361419678
 14.176807165145874
 13.95970892906189
 13.884758949279785
 14.363850831985474
 14.190154314041138
 14.167911767959595
 14.132452011108398
 13.83034634590149
 13.904531955718994
 13.90706181526184
 13.718186855316162
 13.728059530258179
 13.799281597137451
 13.919270515441895
 13.620630741119385
 13.919305562973022
 14.002284049987793
 14.05365777015686
 14.17687177658081
 14.143399238586426
 14.109585285186768
 13.802613735198975
 13.73445749282837
 14.098014831542969
 13.831433534622192
 13.862789392471313
 14.37006402015686
 13.938376426696777
 14.05357575416565
 13.718404769897461
 13.758342504501343
 13.932318925857544
 13.98071551322937
 13.824711561203003
 13.595126867294312
 13.843186140060425
 13.945517301559448
 13.990217447280884
 14.033389568328857
 14.41310715675354
 13.91447925567627
 13.591573476791382
 13.71220874786377
 14.135923624038696
 14.101089715957642
 14.467061519622803
 13.86967134475708
 13.93562388420105
 14.428120851516724
 14.159560203552246
 14.304519414901733
 14.221360921859741
 14.015509128570557
 13.867538690567017
 13.877472639083862
 13.962749242782593
 13.923574686050415
 14.153850555419922
 14.015049457550049
 14.02467942237854
 14.13471794128418
 13.99573016166687
 14.191373586654663
 14.267342805862427
 14.212551593780518
 14.450581312179565
 14.329905986785889
 14.250678539276123
 13.991190671920776
 13.788864850997925
 14.213349342346191
 14.079679727554321
 14.183268547058105
 14.21196460723877
 14.64690375328064
 14.141430854797363
 13.897148847579956
 14.04957103729248
 13.9989013671875
 13.830562353134155
 13.914626598358154
 13.859673261642456
 13.776245355606079
 13.861299514770508
 14.041566848754883
 13.945174217224121
 13.883232831954956
 13.773280620574951
 13.971633195877075
 14.057096481323242
 13.748482942581177
 13.88824200630188
 13.892115831375122
 13.78874945640564
 14.199890851974487
 13.940686464309692
 14.144354343414307
 13.809468984603882
 14.172269582748413
 13.828148126602173
 14.071994304656982
 14.079161882400513
 13.846941232681274
 14.075320482254028
 13.932056427001953
 13.904999017715454
 13.977545738220215
 13.84673285484314
 13.852720260620117
 13.970824718475342
 14.000956773757935
 13.965457677841187
 14.042301177978516
 14.137075424194336
 14.109387636184692
 14.160554647445679
 13.901201009750366
 13.883690595626831
 13.786311149597168
 13.985441207885742
 14.003937244415283
 13.914284467697144
 13.886260032653809
 13.89728593826294
 13.905341148376465
 13.847261905670166
 14.107621431350708
 14.176793336868286
 14.08775806427002
 13.958723783493042
 14.192211389541626
 13.839438199996948
 13.918591022491455
 13.99688720703125
 14.033677101135254
 13.816059589385986
 13.98681640625
 13.893483877182007
 13.888636112213135
 13.854410409927368
 13.923990964889526
 13.683570623397827
 13.711822032928467
 13.727422952651978
 13.891969203948975
 13.785662412643433
 13.78766655921936
 14.16586446762085
 14.045475482940674
 13.767915487289429
 13.881670475006104
 13.74613332748413
 14.186356782913208
 14.051771402359009
 13.969573974609375
 13.978126049041748
 13.905389308929443
 13.732714891433716
 13.947807550430298
 13.756465911865234
 14.338852167129517
 13.907262802124023
 13.820232152938843
 13.743727445602417
 13.88794469833374
 13.942818880081177
 13.957945346832275
 13.795233249664307
 13.644455194473267
 13.902311086654663
 13.881154537200928
 14.061286687850952
 13.91719913482666
 13.790580987930298
 13.750713109970093
 13.85711669921875
 14.172865867614746
 14.032662153244019
 13.762041091918945
 13.995831966400146
 13.94364619255066
 13.9628586769104
 14.173707008361816
 13.884364366531372
 14.184034824371338
 14.144022226333618
 13.72683048248291
 14.174115180969238
 13.845024824142456
 13.762915849685669
 13.937795639038086
 13.945922613143921
 13.858824968338013
 13.746623277664185
 14.053240060806274
 13.922191619873047
 14.013355731964111
 13.948615789413452
 13.968672037124634
 14.068020820617676
 13.778862953186035
 13.956804275512695
 13.891385793685913
 13.850692987442017
 13.956911087036133
 13.960305452346802
 14.000413179397583
 13.909637212753296
 14.00090503692627
 13.867903709411621
 13.841342449188232
 13.897087097167969
 13.978716373443604
 14.134881496429443
 13.93846845626831
 13.977494716644287
 13.866797685623169
 13.96894121170044
 13.965500593185425
 14.003073453903198
 14.362310409545898
 13.71674370765686
 14.091538190841675
 13.997654914855957
 13.86388087272644
 13.790406703948975
 13.73361849784851
 14.013309001922607
 14.141156196594238
 13.733081340789795
 13.78490161895752
 13.857902526855469
 13.947998046875
 14.001525640487671
 13.836997270584106
 14.082830667495728
 13.994358777999878
 13.7686185836792
 14.138686418533325
 13.986474514007568
 13.94739294052124
 13.887812852859497
 13.941760301589966
 13.928077459335327
 13.712209939956665
 13.67739224433899
 13.814566850662231
 13.822943925857544
 13.901374816894531
 13.780324220657349
 13.913556814193726
 13.79019284248352
 13.957340002059937
 14.100343704223633
 14.015701532363892
 13.819928884506226
 13.893733978271484
 13.832581281661987
 13.975789070129395
 13.994245767593384
 13.78054428100586
 13.939818143844604
 13.92203950881958
 13.84119987487793
 14.036641836166382
 14.00015664100647
 14.002426624298096
 13.856842994689941
 13.950592279434204
 14.012296438217163
 13.889405250549316
 14.09896206855774
 14.021377086639404
 13.853782415390015
 14.055103302001953
 13.882394313812256
 14.2017183303833
 13.93834662437439
 13.891704559326172
 13.836296081542969
 13.789746284484863
 13.836170673370361
 13.891656398773193
 14.027173519134521
 13.860860109329224
 13.861194133758545
 13.930894613265991
 13.883423089981079
 13.898782968521118
 14.035589218139648
 14.10289740562439
 14.084755182266235
 13.966092109680176
 13.863660335540771
 14.056752920150757
 13.910526990890503
 13.83132529258728
 14.015255689620972
 13.691380500793457
 13.933809995651245
 14.095685720443726
 13.927452802658081
 13.975269317626953
 14.109094381332397
 13.99419641494751
 13.881961345672607
 13.826581001281738
 14.073783874511719
 14.13547134399414
 13.784129619598389
 13.851097106933594
 13.807486534118652
 14.03223729133606
 13.960891962051392
 14.113654851913452
 13.938178062438965
 13.992561340332031
 14.149772882461548
 13.963760375976562
 13.995835304260254
 13.804533004760742
 14.092196941375732
 14.187283039093018
 14.143635511398315
 13.995047807693481
 13.803508520126343
 13.831070184707642
 14.053200483322144
 14.00364375114441
 13.877572774887085
 13.827144384384155
 14.132742404937744
 13.692907333374023
 13.869296312332153
 13.989445686340332
 13.902790069580078
 13.93421196937561
 13.951308250427246
 14.060841083526611
 13.899447679519653
 13.78984260559082
 14.026660442352295
 14.110032081604004
 13.792169094085693
 13.78416395187378
 13.898959398269653
 13.81583023071289
 13.909536600112915
 14.184662818908691
 13.960415840148926
 13.806570291519165
 13.87464451789856
 14.12920618057251
 14.058878421783447
 13.851359128952026
 13.867526531219482
 14.015697479248047
 13.93883490562439
 13.973865747451782
 14.251742124557495
 13.922695636749268
 13.834127187728882
 13.828954219818115
 13.995845794677734
 13.88132643699646
 14.265869617462158
 13.95141077041626
 14.042838096618652
 13.853259325027466
 13.946670770645142
 13.919738531112671
 14.066790580749512
 13.877221822738647
 13.856321334838867
 13.825313329696655
 13.933335542678833
 14.076427936553955
 13.844926357269287
 13.877680540084839
 13.937492370605469
 14.018384456634521
 13.934565305709839
 14.032760620117188
 13.87639594078064
 13.68047571182251
 13.716520071029663
 13.652514696121216
 14.072457313537598
 14.008392095565796
 14.156683921813965
 13.76898455619812
 13.892283201217651
 14.127049446105957
 13.9101243019104
 13.756873369216919
 14.100439548492432
 13.895089864730835
 13.827430486679077
 13.864638566970825
 13.930708169937134
 13.754930257797241
 13.892599105834961
 14.173768043518066
 13.962968826293945
 13.83277153968811
 13.900461196899414
 14.072070837020874
 13.985106229782104
 13.904839754104614
 14.005307912826538
 13.84338092803955
 14.04214072227478
 13.86824083328247
 13.910208940505981
 13.68727993965149
 14.031254291534424
 13.959487915039062
 14.06720781326294
 14.137972831726074
 13.847898721694946
 14.039062023162842
 14.092830419540405
 13.726727485656738
 13.861101865768433
 13.715139627456665
 14.028050661087036
 13.77927851676941
 13.719186305999756
 14.093937397003174
 13.959916591644287
 13.907792568206787
 14.149301767349243
 13.935515880584717
 13.770723104476929
 14.09816026687622
 13.954580068588257
 13.99558711051941
 14.099048614501953
 13.733978033065796
 14.117780447006226
 13.997074842453003
 13.924744367599487
 13.923828601837158
 13.961749792098999
 13.737802743911743
 13.637717962265015
 13.919979810714722
 13.828805685043335
 13.788390159606934
 13.89000654220581
 13.916534662246704
 13.769653797149658
 13.940646171569824
 13.895418643951416
 13.997915267944336
 13.921823740005493
 13.803607702255249
 13.780118465423584
 13.911526203155518
 14.003730297088623
 14.026631355285645
 14.513489723205566
 14.667413711547852
 14.217735052108765
 14.064669847488403
 14.345886945724487
 14.46511459350586
 14.006876468658447
 14.279006958007812
 14.180400133132935
 14.296473026275635
 14.264671564102173
 14.303908109664917
 13.863177299499512
 13.99815058708191
 14.36299467086792
 14.219959020614624
 14.368852138519287
 14.192560911178589
 14.422262191772461
 14.118164777755737
 14.225577354431152
 15.419208526611328
 13.882534742355347
 14.019779443740845
 14.22566819190979
 14.170120239257812
 14.415230512619019
 14.060832262039185
 14.285676002502441
 14.538417339324951
 14.110469579696655
 14.457352876663208
 14.411238670349121
 14.46125864982605
 14.314846992492676
 14.361653089523315
 14.629977226257324
 13.951467037200928
 14.697772741317749
 15.793235063552856
 15.017666339874268
 14.829240083694458
 14.754437923431396
 14.924263715744019
 14.574106216430664
 14.660370111465454
 14.451308488845825
 14.878247499465942
 14.563775062561035
 14.328306198120117
 14.304657220840454
 14.581256866455078
 14.341637134552002
 14.112914085388184
 14.545909881591797
 14.34994125366211
 13.96229076385498
 14.325815439224243
 14.273725748062134
 14.252661228179932
 13.925330877304077
 14.133064985275269
 14.22493052482605
 14.59971284866333
 14.275388240814209
 14.239521026611328
 14.357691764831543
 14.714284420013428
 14.417876482009888
 14.3536376953125
 14.049163341522217
 14.04489541053772
 14.289620637893677
 14.117772579193115
 13.97282600402832
 14.476131916046143
 14.385549068450928
 14.331444025039673
 14.233757257461548
 14.146721124649048
 14.382108926773071
 14.141687154769897
 14.051948070526123
 14.504548788070679
 14.270877599716187
 14.474702596664429
 14.246398687362671
 14.085377931594849
 14.139312744140625
 14.468258619308472
 14.348343849182129
 14.434519529342651
 14.019304752349854
 13.890904426574707
 13.9655442237854
 14.15507459640503
 14.242023944854736
 14.309264183044434
 14.856953144073486
 14.81607985496521
 14.849487066268921
 14.436708927154541
 14.347997426986694
 14.467377662658691
 14.973722219467163
 14.295941829681396
 14.034509420394897
 14.509949207305908
 14.373080730438232
 14.205439329147339
 14.255958795547485
 14.141786575317383
 14.001485824584961
 14.180555820465088
 13.95194411277771
 14.022742986679077
 14.083879232406616
 14.05223035812378
 14.17768406867981
 14.32977294921875
 14.078339338302612
 14.032365798950195
 14.23630690574646
 14.40138864517212
 14.49394416809082
 14.384846687316895
 14.83373761177063
 13.812765836715698
 14.444507360458374
 13.962718486785889
 14.13030457496643
 14.19830846786499
 14.162153244018555
 14.360541343688965
 14.219247102737427
 14.111793279647827
 14.344180583953857
 14.330158710479736
 14.134909391403198
 14.136831998825073
 13.916114091873169
 14.285592317581177
 13.96072244644165
 13.875101804733276
 14.36678957939148
 14.093470811843872
 13.92484426498413
 14.660043239593506
 14.208620309829712
 14.065645217895508
 14.209380149841309
 14.628129005432129
 14.205806255340576
 14.173130989074707
 14.001187562942505
 14.226680040359497
 14.010890245437622
 14.005612134933472
 14.149070501327515
 14.102663040161133
 13.805453062057495
 14.224064588546753
 14.088263988494873
 14.212042331695557
 14.139539003372192
 13.972099542617798
 14.176559925079346
 13.951995372772217
 14.112115144729614
 14.1515531539917
 13.926758766174316
 14.368113040924072
 14.460322856903076
 14.266944169998169
 14.515514850616455
 14.16508173942566
 14.423357486724854
 13.971113204956055
 14.308355569839478
 13.920928239822388
 13.986475944519043
 14.02537226676941
 14.418407917022705
 14.186204671859741
 14.37583041191101
 13.916846513748169
 14.111607789993286
 14.228036642074585
 14.228209018707275
 14.270637512207031
 14.237149715423584
 13.96183443069458
 14.094789981842041
 14.282362699508667
 14.116091251373291
 14.083531618118286
 14.223278999328613
 14.240628242492676
 13.909055471420288
 14.0918128490448
 14.191467046737671
 14.291911125183105
 14.147980690002441
 14.062458276748657
 14.314539432525635
 13.892307996749878
 13.949660062789917
 14.397778272628784
 14.34069013595581
 14.344114780426025
 14.319458484649658
 14.207552194595337
 14.10960865020752
 14.2330002784729
 14.180355548858643
 13.785759449005127
 13.84274673461914
 14.263587474822998
 13.893848896026611
 14.026864767074585
 14.282450199127197
 14.56170105934143
 14.342093229293823
 14.240184783935547
 14.616425275802612
 14.091560363769531
 14.333056211471558
 14.252834558486938
 14.455126523971558
 14.334336280822754
 14.28533935546875
 14.343883991241455
 14.311497688293457
 14.11670207977295
 14.294964790344238
 14.366519689559937
 14.174198627471924
 14.662843942642212
 14.230283737182617
 14.28005576133728
 14.51796555519104
 14.466478109359741
 14.437371015548706
 14.444656133651733
 14.345990419387817
 14.29087519645691
 14.427199363708496
 14.392433881759644
 14.31575632095337
 14.133821487426758
 14.331583499908447
 14.449140548706055
 14.231957197189331
 14.42552924156189
 14.215620756149292
 14.251914739608765
 14.272495031356812
 14.214450359344482
 14.11880087852478
 14.023831605911255
 14.073550939559937
 14.27924132347107
 14.276543617248535
 14.31529688835144
 14.16516637802124
 14.52039885520935
 14.31184434890747
 14.410510540008545
 14.312250137329102
 14.577769756317139
 14.371435403823853
 14.212704181671143
 14.327488660812378
