 13.995893955230713
 13.784655570983887
 14.023747205734253
 13.919637441635132
 13.94560194015503
 13.727951526641846
 13.749595642089844
 13.626958847045898
 13.647554159164429
 13.73096489906311
 13.74775218963623
 13.573317766189575
 13.58265995979309
 13.584322452545166
 13.676615238189697
 13.867344617843628
 16.51447629928589
 13.945270776748657
 14.139858961105347
 14.804762601852417
 13.74767255783081
 14.129760980606079
 15.328943729400635
 14.352746725082397
 14.777692556381226
 14.431367635726929
 14.080518960952759
 14.367303133010864
 14.221092939376831
 14.2944016456604
 14.41343069076538
 14.175995349884033
 14.330548524856567
 13.998074054718018
 14.15772032737732
 14.30424451828003
 14.16694450378418
 14.224685192108154
 14.461967945098877
 14.190583229064941
 14.22462272644043
 14.204637050628662
 14.179646015167236
 14.202643632888794
 14.22214126586914
 14.332277297973633
 14.354091167449951
 15.090049743652344
 14.091639995574951
 14.614063024520874
 13.928199529647827
 14.18825387954712
 14.305516958236694
 14.187658309936523
 14.106812000274658
 14.163694143295288
 14.129346370697021
 14.158604383468628
 13.993584394454956
 14.280740022659302
 14.084203481674194
 14.31709599494934
 14.370426654815674
 14.041507244110107
 14.226503849029541
 14.127849817276001
 14.164763689041138
 14.15399169921875
 14.072344303131104
 13.994058847427368
 13.867643356323242
 13.943798780441284
 13.887625217437744
 13.912156820297241
 13.916786670684814
 13.846201419830322
 13.876794338226318
 14.245744228363037
 14.101139545440674
 14.176522016525269
 14.09647512435913
 14.142292976379395
 14.124634981155396
 14.15891432762146
 14.057920455932617
 14.542806148529053
 14.252162456512451
 14.061177730560303
 14.399641275405884
 14.090712070465088
 14.112049579620361
 14.318842887878418
 14.150605201721191
 14.015977621078491
 14.286321878433228
 14.390242576599121
 14.214536666870117
 14.111535549163818
 13.958046913146973
 14.09496021270752
 14.041648387908936
 14.305731773376465
 13.999848127365112
 14.009608268737793
 14.303991317749023
 14.163713455200195
 14.017789363861084
 14.160873889923096
 13.946951627731323
 14.14410138130188
 14.085914134979248
 14.367238759994507
 14.210671186447144
 14.336560726165771
 13.995785236358643
 14.219199180603027
 14.063556432723999
 13.898992776870728
 14.093085050582886
 14.02014446258545
 14.0668625831604
 14.135596990585327
 14.389639377593994
 14.055639743804932
 14.028977870941162
 14.437570095062256
 14.251242399215698
 14.111148357391357
 14.442001104354858
 14.28688383102417
 14.239891052246094
 13.997490167617798
 14.50149154663086
 15.277250528335571
 14.269259929656982
 14.283005475997925
 14.385880708694458
 13.99656081199646
 13.981839656829834
 14.174797773361206
 14.14342737197876
 14.126370906829834
 14.095320463180542
 14.372411727905273
 14.109598398208618
 14.067836284637451
 14.298832654953003
 14.208043098449707
 14.151896476745605
 13.961571455001831
 14.122665643692017
 14.007303237915039
 14.088989973068237
 13.947048902511597
 13.873001337051392
 14.148887395858765
 13.924200057983398
 14.207596063613892
 14.095404386520386
 14.136678457260132
 14.215423107147217
 14.156165599822998
 14.14718246459961
 13.938859701156616
 14.029922008514404
 14.138566970825195
 14.086882591247559
 13.912477016448975
 13.855629444122314
 13.87479543685913
 13.893054246902466
 13.867520332336426
 13.894427299499512
 13.87040662765503
 13.859637975692749
 13.882443904876709
 13.8789222240448
 13.85965871810913
 13.861745357513428
 13.87193250656128
 13.888753652572632
 13.873319864273071
 13.849905729293823
 13.87624478340149
 14.019367218017578
 14.09040093421936
 14.051791429519653
 14.038315773010254
 14.188831090927124
 14.14692759513855
 14.090685606002808
 13.9539315700531
 13.993450164794922
 14.05607008934021
 14.134280443191528
 14.075999021530151
 14.259479999542236
 13.945278406143188
 13.944303512573242
 14.028517484664917
 14.210455179214478
 14.109974384307861
 14.252694845199585
 13.972054481506348
 14.399123907089233
 14.109515905380249
 14.30908489227295
 14.02886962890625
 14.150198459625244
 14.34599781036377
 14.02400279045105
 14.017869472503662
 14.18500542640686
 14.227488994598389
 14.529105186462402
 14.011934995651245
 13.992149114608765
 14.023797512054443
 14.233439207077026
 14.094252586364746
 14.311436891555786
 16.23761487007141
 16.260552644729614
 14.183539867401123
 13.967960596084595
 14.196015357971191
 14.242972373962402
 14.191035509109497
 14.512675046920776
 14.2350013256073
 14.322506427764893
 14.366472721099854
 14.244299411773682
 14.284368515014648
 14.319708347320557
 14.04565715789795
 13.868924379348755
 13.84497857093811
 13.90170693397522
 13.877904653549194
 14.098948955535889
 14.554936408996582
 14.132680177688599
 14.09742283821106
 14.344190120697021
 14.693776845932007
 14.222709655761719
 14.247817516326904
 14.087931156158447
 14.342946529388428
 14.39629077911377
 14.157833814620972
 14.234787225723267
 14.103523254394531
 14.294087648391724
 14.276675701141357
 14.18572449684143
 14.17238998413086
 14.35306978225708
 14.182462215423584
 14.066260576248169
 14.3190016746521
 14.210611581802368
 14.127253770828247
 14.313782215118408
 14.076286554336548
 14.116464138031006
 14.140107154846191
 14.500852108001709
 14.250378608703613
 14.078353881835938
 14.441061973571777
 14.087039947509766
 14.3180091381073
 14.108458518981934
 14.073530912399292
 14.096228122711182
 14.112361669540405
 14.16238021850586
 14.299793243408203
 14.175668239593506
 14.221553802490234
 14.34016489982605
 14.125945329666138
 14.292086124420166
 14.055068492889404
 14.233137607574463
 14.189032554626465
 14.052113771438599
 14.249406337738037
 14.268075227737427
 14.15559196472168
 14.27784776687622
 14.169492483139038
 14.269914388656616
 13.933461427688599
 14.122509956359863
 14.528453350067139
 14.053914785385132
 14.436529159545898
 14.152502298355103
 14.021748065948486
 14.23677659034729
 14.192862510681152
 14.042089939117432
 14.292033195495605
 14.266905069351196
 14.260828733444214
 14.273235082626343
 14.451502561569214
 15.103219747543335
 14.464401245117188
 14.359172105789185
 14.373087882995605
 14.277401685714722
 14.389707326889038
 14.371402740478516
 14.315242290496826
 14.424781084060669
 14.327864170074463
 14.083735942840576
 14.217439889907837
 14.391738653182983
 14.435720682144165
 14.045390129089355
 14.333276748657227
 14.2081778049469
 14.15254020690918
 14.281569004058838
 14.207028150558472
 14.241669654846191
 14.125826358795166
 14.033263206481934
 14.085123777389526
 14.36638355255127
 14.146096229553223
 14.562154531478882
 14.331563472747803
 14.442972660064697
 13.937972784042358
 14.144633054733276
 14.015275001525879
 14.085709810256958
 14.152775526046753
 14.002606630325317
 14.192681312561035
 14.029114484786987
 14.146864652633667
 14.13806700706482
 14.29696774482727
 14.286372661590576
 14.209198236465454
 14.189186573028564
 14.071670532226562
 14.548987865447998
 14.387506008148193
 14.266474485397339
 14.199539422988892
 14.21347975730896
 14.174774646759033
 14.043166399002075
 14.151232957839966
 14.19514775276184
 14.424648523330688
 14.169103384017944
 14.08780574798584
 14.237240552902222
 14.276141881942749
 14.11673092842102
 14.117229700088501
 14.025929927825928
 14.560656309127808
 14.531022310256958
 14.459027767181396
 14.155303716659546
 14.231382369995117
 13.987419605255127
 14.251219272613525
 14.282098531723022
 14.488656520843506
 14.079640865325928
 14.203111171722412
 14.042239665985107
 14.319436311721802
 14.100498676300049
 14.246701717376709
 14.407615661621094
 14.191697835922241
 14.204826831817627
 14.246832370758057
 14.547850131988525
 14.322141647338867
 14.196678400039673
 14.362784147262573
 14.16173267364502
 14.416738986968994
 14.161308288574219
 14.284936666488647
 14.218414545059204
 14.3056640625
 14.156039237976074
 14.057899475097656
 14.461531400680542
 14.29524540901184
 14.093433618545532
 14.144665241241455
 14.093763589859009
 14.274766206741333
 14.116081714630127
 14.090507745742798
 14.15942668914795
 14.466636419296265
 14.192471981048584
 14.029314279556274
 14.151179313659668
 14.390958786010742
 14.446018695831299
 14.320059299468994
 14.456974267959595
 14.264237880706787
 14.337656259536743
 14.127497911453247
 14.318114280700684
 14.171476364135742
 14.223012924194336
 14.10943603515625
 14.388900995254517
 14.236851692199707
 14.144214153289795
 14.084485292434692
 14.170694589614868
 14.192069292068481
 14.269755125045776
 14.225216150283813
 14.140490055084229
 14.285486221313477
 14.363154649734497
 14.163138628005981
 14.098489046096802
 14.240922927856445
 14.19684624671936
 14.274526834487915
 14.420713901519775
 14.329264879226685
 14.362148523330688
 14.10497498512268
 14.286431550979614
 14.140806674957275
 14.163308382034302
 14.18898320198059
 14.274173021316528
 13.978088617324829
 14.109581708908081
 14.13594102859497
 14.160722017288208
 14.363028287887573
 14.133958101272583
 14.428966760635376
 14.20077133178711
 14.494580507278442
 14.316459655761719
 14.349538087844849
 14.362539052963257
 14.352797746658325
 14.169760942459106
 14.142051935195923
 14.144549131393433
 14.065056324005127
 14.233808994293213
 14.213933229446411
 14.161698341369629
 14.362479448318481
 14.239853143692017
 14.108376264572144
 14.19588851928711
 14.232113361358643
 14.336963415145874
 14.14821743965149
 14.274413824081421
 14.282472848892212
 14.255415678024292
 14.378448963165283
 14.58048677444458
 14.893917798995972
 14.279362678527832
 14.279295682907104
 14.495791673660278
 14.259153604507446
 14.046508550643921
 14.089490175247192
 14.057129144668579
 14.264541864395142
 14.2261323928833
 14.226171255111694
 14.441973209381104
 14.375051498413086
 14.17208480834961
 14.252418994903564
 14.189081907272339
 14.346867322921753
 14.270829439163208
 14.302279949188232
 14.419618844985962
 14.48753023147583
 14.334026336669922
 14.169049978256226
 14.142085075378418
 14.12168550491333
 14.104937553405762
 14.116302013397217
 14.46444034576416
 14.487278699874878
 14.239806652069092
 14.5117506980896
 14.317337989807129
 14.181631565093994
 14.692442655563354
 14.358839988708496
 14.454436302185059
 14.307629108428955
 14.405503988265991
 14.313081979751587
 14.27099871635437
 14.540661096572876
 14.302113056182861
 14.378779172897339
 14.273024320602417
 14.391282320022583
 14.417572975158691
 14.265618324279785
 14.223663330078125
 14.084312677383423
 14.539001226425171
 14.152548789978027
 14.230195760726929
 14.160475015640259
 14.445065021514893
 14.275089263916016
 14.196104764938354
 14.251153945922852
 14.172436237335205
 14.288971185684204
 14.315154552459717
 14.460554838180542
 14.070608377456665
 14.322306394577026
 14.486178398132324
 14.282001972198486
 14.336128950119019
 14.14186406135559
 14.13147497177124
 14.230333089828491
 14.138444423675537
 14.302287340164185
 14.30652928352356
 14.114794492721558
 14.274444341659546
 14.323709726333618
 14.069591760635376
 14.477404117584229
 14.00994610786438
 14.06290340423584
 14.190925121307373
 14.186821460723877
 14.26197361946106
 14.234551429748535
 14.103939771652222
 14.090991497039795
 14.231470108032227
 14.132343530654907
 14.347537517547607
 14.530490636825562
 14.1168372631073
 14.418621301651001
 14.092631340026855
 14.181979417800903
 14.537048101425171
 14.423160076141357
 14.426426649093628
 14.40971851348877
 14.434920310974121
 14.50995922088623
 14.32642149925232
 14.514881134033203
 14.25161361694336
 14.389286518096924
 14.489754676818848
 13.989887714385986
 14.040421962738037
 14.246174573898315
 14.36029052734375
 14.145099639892578
 14.218204975128174
 13.962209701538086
 13.994524002075195
 14.450936555862427
 14.504379272460938
 14.419073581695557
 14.337830305099487
 14.55858302116394
 14.365039587020874
 14.251625776290894
 14.12458086013794
 14.290717601776123
 14.319615125656128
 14.664039373397827
 14.20855450630188
 14.114842176437378
 14.098381519317627
 14.132587909698486
 14.442361116409302
 14.35582447052002
 14.208658218383789
 14.199238300323486
 14.168859958648682
 14.218709468841553
 14.360166788101196
 14.158895492553711
 14.113696575164795
 14.287853002548218
 14.146212339401245
 14.206549644470215
 14.44038724899292
 14.410979509353638
 14.332208395004272
 14.114219427108765
 14.257773399353027
 14.422791957855225
 14.396860599517822
 14.229330062866211
 14.156529426574707
 14.457305431365967
 14.556258201599121
 14.40372610092163
 14.228413581848145
 14.57402753829956
 14.313203811645508
 14.169389724731445
 14.422908782958984
 14.292020320892334
 14.287987470626831
 14.182241201400757
 14.198298692703247
 14.093691110610962
 14.237154722213745
 14.633065938949585
 14.266098737716675
 14.22520661354065
 14.336230993270874
 14.577128648757935
 14.15043592453003
 14.185603141784668
 14.167242765426636
 14.228097438812256
 14.320913076400757
 14.35208773612976
 14.136926889419556
 14.207144021987915
 14.159682035446167
 14.06070327758789
 14.16331696510315
 14.231945753097534
 14.20802092552185
 14.307698726654053
 14.471385478973389
 14.179003715515137
 14.208032131195068
 14.243391275405884
 14.14705491065979
 14.216471433639526
 14.25007438659668
 14.12344217300415
 14.392940759658813
 14.452584981918335
 14.340910911560059
 14.452238321304321
 14.294655323028564
 14.20712423324585
 14.237300157546997
 14.497586488723755
 14.264964580535889
 14.133963823318481
 14.159661293029785
 14.382793188095093
 14.300846338272095
 14.092231512069702
 14.23387861251831
 14.573920726776123
 14.276105642318726
 14.048695087432861
 14.21652865409851
 14.330930471420288
 14.366701126098633
 14.136861324310303
 14.247032642364502
 14.043098211288452
 14.20099401473999
 14.186992645263672
 14.268578052520752
 14.162187337875366
 14.475304126739502
 14.28620433807373
 14.545000076293945
 14.12376594543457
 14.039305210113525
 14.197476625442505
 14.193085193634033
 14.304036140441895
 14.42194151878357
 14.317212343215942
 14.523902416229248
 14.650806903839111
 14.432144403457642
 14.318756341934204
 14.416140794754028
 14.254326105117798
 14.187623739242554
 14.074119329452515
 14.187067985534668
 14.361647844314575
 14.403899669647217
 14.045798778533936
 14.18761920928955
 14.374237775802612
 14.353111743927002
 14.388805389404297
 14.199462652206421
 14.471222877502441
 14.329620361328125
 14.16045355796814
 14.044696569442749
 14.340675354003906
 14.431795835494995
 14.243279933929443
 14.059970378875732
 14.295302152633667
 14.331850051879883
 14.038619756698608
 14.165552616119385
 14.300951719284058
 14.24161958694458
 14.319020509719849
 14.407306909561157
 14.463183164596558
 14.277732133865356
 15.133703470230103
 15.273356676101685
 14.24723196029663
 14.213645458221436
 14.420562028884888
 14.331043243408203
 14.497145891189575
 14.215628862380981
 14.156747102737427
 14.262706995010376
 14.292896509170532
 14.320645332336426
 14.099461555480957
 13.96193814277649
 14.236865520477295
 14.171458005905151
 14.223691463470459
 14.439425230026245
 14.353346586227417
 14.284285306930542
 14.286458253860474
 14.319029331207275
 14.428993940353394
 14.429241418838501
 14.25703477859497
 14.258616209030151
 14.355904340744019
 14.40554690361023
 14.136313915252686
 14.156909942626953
 14.094547986984253
 14.228190898895264
 14.31991696357727
 14.305901765823364
 14.223967790603638
 14.540710687637329
 13.982921123504639
 14.339731693267822
 14.636008501052856
 14.191985130310059
 14.399265050888062
 14.065860033035278
 14.423933982849121
 14.380602598190308
 14.117946147918701
 14.208955526351929
 14.382446765899658
 14.457359075546265
 14.288911819458008
 14.241539239883423
 14.339220762252808
 14.319091320037842
 14.481772899627686
 14.37550163269043
 14.328227996826172
 14.224726676940918
 14.27333950996399
 14.151800870895386
 14.369210720062256
 14.291579246520996
 14.152779579162598
 14.21742296218872
 14.108652591705322
 14.175632238388062
 14.33794617652893
 14.265319585800171
 13.949027299880981
 14.059822797775269
 14.36759090423584
 14.119027376174927
 14.272842168807983
 14.447969675064087
 14.441660404205322
 14.524776697158813
 14.161128759384155
 14.221086502075195
 14.186342477798462
 14.250333309173584
 14.503796339035034
 14.395309925079346
 14.173045635223389
 14.12008023262024
 14.264887571334839
 14.228511810302734
 14.30233359336853
 14.334313869476318
 14.294718980789185
 14.236265659332275
 14.09838318824768
 14.30302357673645
 14.221434831619263
 14.352962017059326
 14.446199893951416
 14.382187128067017
 14.185091972351074
 14.283306121826172
 14.32250165939331
 14.244530200958252
 14.131357669830322
 14.46816873550415
 14.317208528518677
 14.098361253738403
 14.423014640808105
 14.1816885471344
 14.105212211608887
 14.480446815490723
 14.101244926452637
 14.349760055541992
 14.610384225845337
 14.17868185043335
 14.067993879318237
 14.254708528518677
 14.21890664100647
 14.502108097076416
 14.264667987823486
 14.124354600906372
 14.153884172439575
 14.280618906021118
 14.358839750289917
 14.3236722946167
 14.085901498794556
 14.285634994506836
 14.338085174560547
 14.173875570297241
 14.13076138496399
 14.329499959945679
 14.404264688491821
 14.321807622909546
 14.052643299102783
 14.389072895050049
 14.260709047317505
 14.367976665496826
 14.596698522567749
 14.250454902648926
 14.214580297470093
 14.258101224899292
 14.223806619644165
 14.052143573760986
 13.969019651412964
 14.299049615859985
 14.23826265335083
 14.396953344345093
 14.631796598434448
 14.386718988418579
 14.386775970458984
 14.38384747505188
 14.28229832649231
 14.45074200630188
 14.00285267829895
 14.23950481414795
 14.236058712005615
 14.372867822647095
 14.240140676498413
 14.338388204574585
 14.498995304107666
 14.149129390716553
 14.2208092212677
 14.41365909576416
 14.18679428100586
 14.285384893417358
 14.301786422729492
 14.328002452850342
 14.305736303329468
 14.390896558761597
 14.69912338256836
 14.444663524627686
 14.208869218826294
 14.292245626449585
 14.39103102684021
 14.265114307403564
 14.104113817214966
 14.24208927154541
 14.141855716705322
 14.219935894012451
 14.252737283706665
 16.136422872543335
 14.566322803497314
 14.250221967697144
 14.43285870552063
 14.181785821914673
 14.326324224472046
 14.32292103767395
 14.350401163101196
 14.208683729171753
 14.329430341720581
 14.09431791305542
 14.27442479133606
 14.18794322013855
 14.536280155181885
 14.457605600357056
 14.463664054870605
 14.22528624534607
 14.106277465820312
 14.040465593338013
 14.488564014434814
 14.478184700012207
 14.265939235687256
 14.151342630386353
 14.602044105529785
 14.340044021606445
 14.276363849639893
 14.630522012710571
 14.379828691482544
 14.189884662628174
 14.327962875366211
 14.3010892868042
 14.474590539932251
 14.105669975280762
 14.177952527999878
 14.493551969528198
 14.181572914123535
 14.104008674621582
 14.383208751678467
 14.061972379684448
 14.258506059646606
 14.159427642822266
 14.109114408493042
 14.360401391983032
 14.569420576095581
 14.299299001693726
 14.088658571243286
 14.389661312103271
 14.57651162147522
 14.556976318359375
 14.473636150360107
 14.079578161239624
 14.363075017929077
 14.319847583770752
 14.259510517120361
 14.048684358596802
 14.45544147491455
 14.074019193649292
 14.377255916595459
 14.348790884017944
 14.169513702392578
 14.232033014297485
 14.28494381904602
 14.597241163253784
 14.487008810043335
 14.382569074630737
 14.223630666732788
 14.380879402160645
 14.195695400238037
 14.18429708480835
 14.128984212875366
 14.233858108520508
 14.262083053588867
 14.255022525787354
 14.107172966003418
 14.174477338790894
 14.303140640258789
 14.353580951690674
 14.631524801254272
 14.009462118148804
 14.073343515396118
