 0.06412625312805176
 0.06335258483886719
 0.05957674980163574
 0.058753252029418945
 0.05953860282897949
 0.05845236778259277
 0.05983233451843262
 0.05948281288146973
 0.05938005447387695
 0.05896425247192383
 0.06544017791748047
 0.05881214141845703
 0.06012105941772461
 0.05961751937866211
 0.05921745300292969
 0.05951499938964844
 0.06013655662536621
 0.05966329574584961
 0.05954337120056152
 0.05981183052062988
 0.05869865417480469
 0.05901288986206055
 0.05918717384338379
 0.05929851531982422
 0.05935478210449219
 0.05899953842163086
 0.058942556381225586
 0.060628414154052734
 0.059493064880371094
 0.060126304626464844
 0.05920720100402832
 0.05997180938720703
 0.06163597106933594
 0.05885052680969238
 0.05941343307495117
 0.05957198143005371
 0.05977010726928711
 0.0603179931640625
 0.059777259826660156
 0.059348344802856445
 0.05956864356994629
 0.06002926826477051
 0.06085348129272461
 0.05888056755065918
 0.05829167366027832
 0.059758901596069336
 0.06009101867675781
 0.05977916717529297
 0.059584617614746094
 0.061502695083618164
 0.06388258934020996
 0.0596623420715332
 0.05856013298034668
 0.059216976165771484
 0.059175729751586914
 0.058965444564819336
 0.05943942070007324
 0.05983376502990723
 0.05982494354248047
 0.059449195861816406
 0.058965444564819336
 0.05926322937011719
 0.0592958927154541
 0.059128761291503906
 0.06321597099304199
 0.06228327751159668
 0.06310009956359863
 0.06294083595275879
 0.06318855285644531
 0.06229758262634277
 0.0620577335357666
 0.061987876892089844
 0.06306219100952148
 0.06356430053710938
 0.05951499938964844
 0.06017565727233887
 0.060595035552978516
 0.059592247009277344
 0.059828996658325195
 0.06049966812133789
 0.06014728546142578
 0.06092500686645508
 0.060845375061035156
 0.05998396873474121
 0.06023263931274414
 0.060231924057006836
 0.06111335754394531
 0.06035637855529785
 0.06044650077819824
 0.059773921966552734
 0.05972123146057129
 0.05987739562988281
 0.05972790718078613
 0.059677839279174805
 0.06021261215209961
 0.06362247467041016
 0.06271481513977051
 0.06235671043395996
 0.06441521644592285
 0.06235384941101074
 0.06307601928710938
 0.06390261650085449
 0.06388401985168457
 0.0627899169921875
 0.06340599060058594
 0.06125164031982422
 0.06037259101867676
 0.06124711036682129
 0.06218576431274414
 0.060686588287353516
 0.06145429611206055
 0.06067228317260742
 0.0597991943359375
 0.0639185905456543
 0.06692719459533691
 0.0646519660949707
 0.0645301342010498
 0.06499552726745605
 0.06519651412963867
 0.061960458755493164
 0.06199455261230469
 0.06330251693725586
 0.0637824535369873
 0.06296348571777344
 0.06392645835876465
 0.06268692016601562
 0.0649406909942627
 0.0647122859954834
 0.06401371955871582
 0.06467700004577637
 0.06465315818786621
 0.06085205078125
 0.059908151626586914
 0.059449195861816406
 0.05925726890563965
 0.05975914001464844
 0.06012535095214844
 0.05941963195800781
 0.059073448181152344
 0.060010671615600586
 0.06154608726501465
 0.0676877498626709
 0.0686500072479248
 0.06307506561279297
 0.05981707572937012
 0.06531691551208496
 0.062052249908447266
 0.06167745590209961
 0.062148332595825195
 0.06073904037475586
 0.06118941307067871
 0.06139707565307617
 0.06114840507507324
 0.06190657615661621
 0.06055879592895508
 0.06195354461669922
 0.061110496520996094
 0.06120634078979492
 0.06087470054626465
 0.06201815605163574
 0.06070518493652344
 0.06222248077392578
 0.06177043914794922
 0.06219220161437988
 0.06050586700439453
 0.061597585678100586
 0.06107187271118164
 0.06146359443664551
 0.0606844425201416
 0.06224179267883301
 0.060685157775878906
 0.061452388763427734
 0.062021732330322266
 0.06168818473815918
 0.060880184173583984
 0.06189918518066406
 0.05951547622680664
 0.07226133346557617
 0.0674135684967041
 0.06295633316040039
 0.06400084495544434
 0.06307721138000488
 0.062181711196899414
 0.06258869171142578
 0.06250381469726562
 0.06212210655212402
 0.06175374984741211
 0.06307029724121094
 0.06384420394897461
 0.06415510177612305
 0.06281757354736328
 0.0618586540222168
 0.06242775917053223
 0.0611879825592041
 0.06425857543945312
 0.06362032890319824
 0.061575889587402344
 0.06302666664123535
 0.0648202896118164
 0.06586337089538574
 0.06416797637939453
 0.06562972068786621
 0.06078958511352539
 0.060524940490722656
 0.06008720397949219
 0.059952735900878906
 0.05944013595581055
 0.05960845947265625
 0.059412240982055664
 0.0600738525390625
 0.059514522552490234
 0.05869793891906738
 0.05948185920715332
 0.059052467346191406
 0.059075355529785156
 0.059836626052856445
 0.059252023696899414
 0.06038188934326172
 0.06013011932373047
 0.059590816497802734
 0.059801340103149414
 0.061405181884765625
 0.058913469314575195
 0.059418678283691406
 0.059346675872802734
 0.06001567840576172
 0.05999159812927246
 0.05953574180603027
 0.06195688247680664
 0.06080818176269531
 0.0595242977142334
 0.06030869483947754
 0.059900522232055664
 0.059613704681396484
 0.0603947639465332
 0.059638023376464844
 0.05951547622680664
 0.05884194374084473
 0.06035161018371582
 0.06038713455200195
 0.05942177772521973
 0.058949947357177734
 0.05938315391540527
 0.05947709083557129
 0.05948615074157715
 0.060594797134399414
 0.05922842025756836
 0.05977749824523926
 0.059967041015625
 0.05933332443237305
 0.05995440483093262
 0.05885124206542969
 0.05992889404296875
 0.05943131446838379
 0.06016874313354492
 0.05919313430786133
 0.05986499786376953
 0.05980491638183594
 0.059607505798339844
 0.06047320365905762
 0.059963226318359375
 0.06022238731384277
 0.07112765312194824
 0.06143379211425781
 0.06110668182373047
 0.059790849685668945
 0.06071305274963379
 0.06064796447753906
 0.062277793884277344
 0.06242680549621582
 0.06316971778869629
 0.06198000907897949
 0.060892343521118164
 0.06003570556640625
 0.059801340103149414
 0.06112217903137207
 0.0594637393951416
 0.05959892272949219
 0.06035017967224121
 0.059623003005981445
 0.060143232345581055
 0.06161665916442871
 0.06081509590148926
 0.06247520446777344
 0.061460256576538086
 0.061757564544677734
 0.06026792526245117
 0.062453269958496094
 0.06098365783691406
 0.061995744705200195
 0.06242012977600098
 0.061161041259765625
 0.06180858612060547
 0.06329655647277832
 0.061800479888916016
 0.06712865829467773
 0.05889534950256348
 0.06167244911193848
 0.05921530723571777
 0.05956077575683594
 0.059103965759277344
 0.06052255630493164
 0.059775352478027344
 0.06087350845336914
 0.06660676002502441
 0.06448101997375488
 0.060379981994628906
 0.06101703643798828
 0.06440925598144531
 0.06166577339172363
 0.06017565727233887
 0.06201767921447754
 0.060860633850097656
 0.061148643493652344
 0.06005668640136719
 0.06051802635192871
 0.06101679801940918
 0.06097531318664551
 0.060918331146240234
 0.06340551376342773
 0.06313657760620117
 0.05997657775878906
 0.061565399169921875
 0.06054830551147461
 0.06119966506958008
 0.06209111213684082
 0.06036233901977539
 0.061345815658569336
 0.06085324287414551
 0.07636380195617676
 0.05953812599182129
 0.05902290344238281
 0.06023573875427246
 0.060936927795410156
 0.06009507179260254
 0.06137418746948242
 0.05941653251647949
 0.059655189514160156
 0.05962800979614258
 0.059918880462646484
 0.06046605110168457
 0.06238579750061035
 0.060410499572753906
 0.05965685844421387
 0.05944347381591797
 0.05979299545288086
 0.06066536903381348
 0.060347557067871094
 0.058954477310180664
 0.05977272987365723
 0.05941343307495117
 0.05961799621582031
 0.06013345718383789
 0.060570478439331055
 0.05980062484741211
 0.05970454216003418
 0.061470746994018555
 0.05947685241699219
 0.05979728698730469
 0.060070037841796875
 0.05937647819519043
 0.05960679054260254
 0.05994105339050293
 0.05984616279602051
 0.05893850326538086
 0.06020498275756836
 0.060192108154296875
 0.059563398361206055
 0.05992841720581055
 0.06042146682739258
 0.05975484848022461
 0.0598149299621582
 0.059682369232177734
 0.059374332427978516
 0.06023669242858887
 0.060587167739868164
 0.05928659439086914
 0.06057476997375488
 0.06141352653503418
 0.061946868896484375
 0.059455156326293945
 0.059906959533691406
 0.05978870391845703
 0.05983567237854004
 0.06003212928771973
 0.06274557113647461
 0.060352325439453125
 0.05972123146057129
 0.06085968017578125
 0.060897111892700195
 0.06015467643737793
 0.06018996238708496
 0.06051182746887207
 0.06049227714538574
 0.06484866142272949
 0.0633397102355957
 0.059556007385253906
 0.05984997749328613
 0.05954861640930176
 0.05995321273803711
 0.06046485900878906
 0.06023979187011719
 0.06027078628540039
 0.06418037414550781
 0.061086416244506836
 0.060140132904052734
 0.06044459342956543
 0.060373544692993164
 0.05939078330993652
 0.060668230056762695
 0.0603024959564209
 0.06045246124267578
 0.06059622764587402
 0.06000494956970215
 0.06297445297241211
 0.06919026374816895
 0.06183576583862305
 0.06076788902282715
 0.059922218322753906
 0.06453466415405273
 0.06191110610961914
 0.06004500389099121
 0.060030460357666016
 0.059856414794921875
 0.06003761291503906
 0.06058096885681152
 0.06017136573791504
 0.06006145477294922
 0.061093807220458984
 0.05958724021911621
 0.05956244468688965
 0.05995917320251465
 0.060919761657714844
 0.06092524528503418
 0.06042075157165527
 0.060771942138671875
 0.06052994728088379
 0.06089472770690918
 0.06076478958129883
 0.06103706359863281
 0.06110668182373047
 0.06031441688537598
 0.05989503860473633
 0.06059718132019043
 0.05952882766723633
 0.060395240783691406
 0.06028103828430176
 0.06134843826293945
 0.06064867973327637
 0.06296706199645996
 0.06375718116760254
 0.06420564651489258
 0.06404256820678711
 0.06238865852355957
 0.06223750114440918
 0.06263542175292969
 0.06200408935546875
 0.06411123275756836
 0.06353330612182617
 0.0639791488647461
 0.06408047676086426
 0.06436991691589355
 0.062343597412109375
 0.06433677673339844
 0.0635690689086914
 0.06397533416748047
 0.0632467269897461
 0.06168198585510254
 0.06432247161865234
 0.06282901763916016
 0.06382870674133301
 0.06358814239501953
 0.06363797187805176
 0.06419110298156738
 0.06435537338256836
 0.06314897537231445
 0.06345176696777344
 0.062276601791381836
 0.06399178504943848
 0.06301093101501465
 0.06466412544250488
 0.06256842613220215
 0.06389141082763672
 0.06409025192260742
 0.06452512741088867
 0.0643155574798584
 0.062299489974975586
 0.06411099433898926
 0.0649559497833252
 0.06295442581176758
 0.06421065330505371
 0.06360816955566406
 0.06422543525695801
 0.06419205665588379
 0.07027602195739746
 0.06448101997375488
 0.06412744522094727
 0.06406235694885254
 0.06230926513671875
 0.06199765205383301
 0.06185483932495117
 0.06148195266723633
 0.07094097137451172
 0.06738972663879395
 0.07048654556274414
 0.07632851600646973
 0.05994391441345215
 0.06772375106811523
 0.06497335433959961
 0.06547689437866211
 0.06267261505126953
 0.06287670135498047
 0.06258916854858398
 0.06348013877868652
 0.06462645530700684
 0.060727834701538086
 0.06170010566711426
 0.06400561332702637
 0.06451249122619629
 0.06363654136657715
 0.06019234657287598
 0.0602419376373291
 0.06318378448486328
 0.06307125091552734
 0.06240344047546387
 0.061351776123046875
 0.06298708915710449
 0.06235003471374512
 0.06305766105651855
 0.06230354309082031
 0.06396126747131348
 0.0621492862701416
 0.06241583824157715
 0.06028556823730469
 0.05966830253601074
 0.06417131423950195
 0.06531429290771484
 0.0647726058959961
 0.06379508972167969
 0.0649266242980957
 0.06524419784545898
 0.0638585090637207
 0.07279586791992188
 0.06154179573059082
 0.059885263442993164
 0.060556650161743164
 0.06062674522399902
 0.06125164031982422
 0.05962729454040527
 0.06109881401062012
 0.06006884574890137
 0.060070037841796875
 0.06182146072387695
 0.05956077575683594
 0.06140613555908203
 0.0603330135345459
 0.06075239181518555
 0.06147623062133789
 0.06089591979980469
 0.06797575950622559
 0.061762094497680664
 0.061269521713256836
 0.06046724319458008
 0.06083106994628906
 0.06113886833190918
 0.06166267395019531
 0.060476064682006836
 0.06052374839782715
 0.060915231704711914
 0.060209035873413086
 0.06179308891296387
 0.06259679794311523
 0.06053304672241211
 0.0609133243560791
 0.06009864807128906
 0.06362533569335938
 0.06006979942321777
 0.06039690971374512
 0.0605013370513916
 0.06012225151062012
 0.05962085723876953
 0.059980154037475586
 0.06276893615722656
 0.06635117530822754
 0.05979347229003906
 0.06000995635986328
 0.059319257736206055
 0.060463905334472656
 0.05940532684326172
 0.060541629791259766
 0.060034751892089844
 0.061171531677246094
 0.0600583553314209
 0.06058788299560547
 0.060750722885131836
 0.060404300689697266
 0.060031890869140625
 0.06121182441711426
 0.061701059341430664
 0.06014585494995117
 0.060164690017700195
 0.05995535850524902
 0.05981779098510742
 0.06347203254699707
 0.06026029586791992
 0.059931278228759766
 0.06027698516845703
 0.05998039245605469
 0.06115102767944336
 0.060399770736694336
 0.060097455978393555
 0.06122016906738281
 0.06083798408508301
 0.06014895439147949
 0.060265541076660156
 0.06029963493347168
 0.05955338478088379
 0.060349464416503906
 0.06002354621887207
 0.060225486755371094
 0.060318946838378906
 0.060806989669799805
 0.05990433692932129
 0.06058669090270996
 0.06090974807739258
 0.06013989448547363
 0.06031608581542969
 0.062463998794555664
 0.060912370681762695
 0.06006956100463867
 0.06055855751037598
 0.06086611747741699
 0.05990242958068848
 0.061817169189453125
 0.05962657928466797
 0.06061959266662598
 0.06001925468444824
 0.0602872371673584
 0.06028389930725098
 0.06031441688537598
 0.06117844581604004
 0.06092643737792969
 0.06006479263305664
 0.06053328514099121
 0.05998945236206055
 0.060477256774902344
 0.060854196548461914
 0.061229705810546875
 0.06160402297973633
 0.06211352348327637
 0.061942338943481445
 0.06293177604675293
 0.06459736824035645
 0.06352877616882324
 0.06506943702697754
 0.06380438804626465
 0.06348633766174316
 0.06398987770080566
 0.06328320503234863
 0.0652167797088623
 0.06459522247314453
 0.06358146667480469
 0.06381654739379883
 0.06455016136169434
 0.06537175178527832
 0.0745089054107666
 0.06499314308166504
 0.06139993667602539
 0.06069445610046387
 0.061154842376708984
 0.06102752685546875
 0.06051898002624512
 0.06827974319458008
 0.059961557388305664
 0.05982065200805664
 0.06038999557495117
 0.059206247329711914
 0.0601959228515625
 0.06013846397399902
 0.059903621673583984
 0.05956530570983887
 0.05987381935119629
 0.060236454010009766
 0.06025862693786621
 0.061670541763305664
 0.06057858467102051
 0.0600733757019043
 0.06330013275146484
 0.0637354850769043
 0.06415534019470215
 0.06453061103820801
 0.0635066032409668
 0.0630331039428711
 0.062007904052734375
 0.06115531921386719
 0.06393909454345703
 0.06099534034729004
 0.0606381893157959
 0.06200551986694336
 0.060849905014038086
 0.0601503849029541
 0.06016254425048828
 0.0594635009765625
 0.06033182144165039
 0.05998706817626953
 0.05995345115661621
 0.05980563163757324
 0.05972886085510254
 0.061019182205200195
 0.060537099838256836
 0.06001710891723633
 0.06217241287231445
 0.0630025863647461
 0.06339693069458008
 0.06173372268676758
 0.06386303901672363
 0.06436944007873535
 0.06180858612060547
 0.06089472770690918
 0.0621027946472168
 0.061599016189575195
 0.06383347511291504
 0.0630948543548584
 0.06288719177246094
 0.06329083442687988
 0.06391525268554688
 0.06256580352783203
 0.06419229507446289
 0.05959320068359375
 0.06043815612792969
 0.05968761444091797
 0.06016230583190918
 0.05971240997314453
 0.060820579528808594
 0.06040167808532715
 0.059972524642944336
 0.059703826904296875
 0.05945563316345215
 0.059185028076171875
 0.05997061729431152
 0.060178518295288086
 0.06067037582397461
 0.06004595756530762
 0.06029057502746582
 0.06003379821777344
 0.0592036247253418
 0.059699296951293945
 0.07287287712097168
 0.06031465530395508
 0.06099128723144531
 0.06048774719238281
 0.06106257438659668
 0.05983543395996094
 0.06035161018371582
 0.05991411209106445
 0.06753253936767578
 0.05997133255004883
 0.06088376045227051
 0.061805009841918945
 0.06203269958496094
 0.06301474571228027
 0.06326532363891602
 0.06269121170043945
 0.06246757507324219
 0.061566829681396484
 0.06374979019165039
 0.06480526924133301
 0.06387066841125488
 0.06481242179870605
 0.0628516674041748
 0.0627586841583252
 0.06235694885253906
 0.06337881088256836
 0.062142372131347656
 0.06436347961425781
 0.06277108192443848
 0.06318187713623047
 0.06253361701965332
 0.064239501953125
 0.06261563301086426
 0.07091879844665527
 0.06131792068481445
 0.06186699867248535
 0.0637061595916748
 0.06572985649108887
 0.0654599666595459
 0.06540703773498535
 0.06609344482421875
 0.06532979011535645
 0.06502294540405273
 0.06475591659545898
 0.0652761459350586
 0.06579375267028809
 0.06551742553710938
 0.07239842414855957
 0.060501813888549805
 0.06072092056274414
 0.06182074546813965
 0.06079292297363281
 0.06063652038574219
 0.060686349868774414
 0.06005549430847168
 0.06060218811035156
 0.059683799743652344
 0.06619453430175781
 0.060694217681884766
 0.06653475761413574
 0.05937933921813965
 0.059270620346069336
 0.060076236724853516
 0.060028791427612305
 0.05985546112060547
 0.0597691535949707
 0.06038689613342285
 0.059706926345825195
 0.060051679611206055
 0.06060957908630371
 0.06130576133728027
 0.05961322784423828
 0.059275150299072266
 0.05985260009765625
 0.06003212928771973
 0.059525251388549805
 0.06016206741333008
 0.05949902534484863
 0.0684804916381836
 0.060062408447265625
 0.060843467712402344
 0.06125473976135254
 0.06944990158081055
 0.06589293479919434
 0.06495904922485352
 0.06730365753173828
 0.06601119041442871
 0.06615090370178223
 0.06696701049804688
 0.0642242431640625
 0.06306719779968262
 0.06342339515686035
 0.06434297561645508
 0.06489396095275879
 0.06461000442504883
 0.06496071815490723
 0.06474065780639648
 0.06192612648010254
 0.061887502670288086
 0.061484575271606445
 0.06109476089477539
 0.06105518341064453
 0.06321406364440918
 0.06332039833068848
 0.06360363960266113
 0.06094932556152344
 0.05955862998962402
 0.06028437614440918
 0.060460567474365234
 0.060308218002319336
 0.060803890228271484
 0.05975031852722168
 0.06045842170715332
 0.06034994125366211
 0.05968117713928223
 0.06580686569213867
 0.06219077110290527
 0.0645289421081543
 0.06343221664428711
 0.06557965278625488
 0.06593823432922363
 0.06569290161132812
 0.06573009490966797
 0.0656580924987793
 0.06572532653808594
 0.06896853446960449
 0.06773209571838379
 0.06831908226013184
 0.06778621673583984
 0.0676271915435791
 0.06744098663330078
 0.0676581859588623
 0.06761598587036133
 0.0681765079498291
 0.06747817993164062
 0.0666513442993164
 0.06558036804199219
 0.06548213958740234
 0.06542038917541504
 0.06543135643005371
 0.06589460372924805
 0.06541943550109863
 0.06568336486816406
 0.06531214714050293
 0.06583762168884277
 0.06585240364074707
 0.06543445587158203
 0.06575965881347656
 0.06589508056640625
 0.06535840034484863
 0.0655515193939209
 0.06572651863098145
 0.06540679931640625
 0.06547975540161133
 0.06530952453613281
 0.06566977500915527
 0.0654137134552002
 0.06529378890991211
 0.06589603424072266
 0.06633996963500977
 0.0656583309173584
 0.06617283821105957
 0.06592059135437012
 0.0657041072845459
 0.06612515449523926
 0.06597757339477539
 0.06616997718811035
 0.06642889976501465
 0.0672297477722168
 0.06573629379272461
 0.06583452224731445
 0.06539750099182129
 0.06541061401367188
 0.06573987007141113
 0.06544709205627441
 0.06577301025390625
 0.06592965126037598
 0.07231616973876953
 0.06584787368774414
 0.06522154808044434
 0.06541633605957031
 0.0653390884399414
 0.06519246101379395
 0.0656442642211914
 0.0654449462890625
 0.0657346248626709
 0.06567955017089844
 0.06539511680603027
 0.06589770317077637
 0.06558871269226074
 0.06549453735351562
 0.06562542915344238
 0.06557893753051758
 0.0657501220703125
 0.06573772430419922
 0.06549715995788574
 0.06555604934692383
 0.06546974182128906
 0.06545090675354004
 0.06570076942443848
 0.06575965881347656
 0.06504106521606445
 0.0656423568725586
 0.0656437873840332
 0.06534790992736816
 0.06559014320373535
 0.06542825698852539
 0.06546783447265625
 0.06533122062683105
 0.06553888320922852
 0.06117677688598633
 0.06074380874633789
 0.06082868576049805
 0.061611175537109375
 0.061203956604003906
 0.06528854370117188
 0.06757569313049316
 0.06839108467102051
 0.06765866279602051
 0.0671391487121582
 0.06706643104553223
 0.06746864318847656
 0.06729435920715332
 0.06820321083068848
 0.06733274459838867
 0.06844139099121094
 0.06737351417541504
 0.0686795711517334
 0.06756472587585449
 0.06844568252563477
 0.06770515441894531
 0.06761932373046875
 0.06729984283447266
 0.06770634651184082
 0.06728291511535645
 0.06812047958374023
 0.06771636009216309
 0.0668325424194336
 0.06445002555847168
 0.0658111572265625
 0.06564545631408691
 0.06742143630981445
 0.06047630310058594
 0.0612337589263916
 0.061206817626953125
 0.06087613105773926
 0.06095576286315918
 0.06112384796142578
 0.06562209129333496
 0.06585955619812012
 0.06801033020019531
 0.06569194793701172
 0.06567025184631348
