 0.06879901885986328
 0.0660400390625
 0.064666748046875
 0.0641636848449707
 0.06437349319458008
 0.06382322311401367
 0.06437063217163086
 0.06391453742980957
 0.0647425651550293
 0.06553292274475098
 0.07886981964111328
 0.06493568420410156
 0.06493377685546875
 0.06596851348876953
 0.08366584777832031
 0.06101846694946289
 0.05944347381591797
 0.06161212921142578
 0.06751179695129395
 0.0681157112121582
 0.06115841865539551
 0.05912160873413086
 0.05905747413635254
 0.05946516990661621
 0.058753013610839844
 0.07387232780456543
 0.06424522399902344
 0.059830665588378906
 0.0596470832824707
 0.06098151206970215
 0.059583425521850586
 0.05936622619628906
 0.05881500244140625
 0.05884718894958496
 0.06029033660888672
 0.05938911437988281
 0.05901384353637695
 0.05884528160095215
 0.05879640579223633
 0.05905866622924805
 0.06037116050720215
 0.0609588623046875
 0.0624690055847168
 0.06308794021606445
 0.06896781921386719
 0.0655674934387207
 0.06099891662597656
 0.06047868728637695
 0.06169557571411133
 0.05981850624084473
 0.06047248840332031
 0.0614161491394043
 0.05890798568725586
 0.0630185604095459
 0.0592653751373291
 0.060082435607910156
 0.05940413475036621
 0.059355735778808594
 0.059827566146850586
 0.06163763999938965
 0.06044268608093262
 0.06396174430847168
 0.06162142753601074
 0.0602419376373291
 0.0652775764465332
 0.06108903884887695
 0.06039714813232422
 0.06284904479980469
 0.06026124954223633
 0.06173300743103027
 0.05944943428039551
 0.06071877479553223
 0.05974221229553223
 0.05930066108703613
 0.05900382995605469
 0.05968952178955078
 0.06029868125915527
 0.05884957313537598
 0.05904078483581543
 0.059453725814819336
 0.05972719192504883
 0.06114959716796875
 0.061075448989868164
 0.06113433837890625
 0.06305313110351562
 0.06179094314575195
 0.06356287002563477
 0.06061434745788574
 0.05977010726928711
 0.06099343299865723
 0.061975955963134766
 0.060927391052246094
 0.06122398376464844
 0.06226611137390137
 0.06363916397094727
 0.0615847110748291
 0.06171226501464844
 0.062033653259277344
 0.06216073036193848
 0.06221818923950195
 0.061849355697631836
 0.0606691837310791
 0.06320834159851074
 0.06188845634460449
 0.0601658821105957
 0.06153082847595215
 0.06034088134765625
 0.059847116470336914
 0.05975079536437988
 0.059537649154663086
 0.06007885932922363
 0.0642235279083252
 0.0611722469329834
 0.059711456298828125
 0.059793710708618164
 0.05955934524536133
 0.05945611000061035
 0.06010913848876953
 0.060302019119262695
 0.06154203414916992
 0.06044149398803711
 0.05991196632385254
 0.05926370620727539
 0.06195187568664551
 0.06185555458068848
 0.06100583076477051
 0.06144118309020996
 0.06106925010681152
 0.06425023078918457
 0.06269645690917969
 0.0616612434387207
 0.06079506874084473
 0.06162142753601074
 0.06139111518859863
 0.06136274337768555
 0.061398983001708984
 0.07326722145080566
 0.06351876258850098
 0.06484627723693848
 0.06630468368530273
 0.06479334831237793
 0.0652930736541748
 0.06397867202758789
 0.06700778007507324
 0.0588836669921875
 0.058602094650268555
 0.06004762649536133
 0.05993223190307617
 0.05871176719665527
 0.058910369873046875
 0.05953550338745117
 0.058197975158691406
 0.05973935127258301
 0.05803656578063965
 0.05913114547729492
 0.05977630615234375
 0.05931377410888672
 0.060996294021606445
 0.06386923789978027
 0.05921339988708496
 0.06162142753601074
 0.059241294860839844
 0.05993390083312988
 0.06100797653198242
 0.06011199951171875
 0.06010699272155762
 0.06015443801879883
 0.06192135810852051
 0.061012983322143555
 0.06188201904296875
 0.060089111328125
 0.059767961502075195
 0.05898427963256836
 0.0588383674621582
 0.06001138687133789
 0.05965876579284668
 0.060158729553222656
 0.06200885772705078
 0.06133389472961426
 0.061368703842163086
 0.06006217002868652
 0.06024885177612305
 0.06161308288574219
 0.06023144721984863
 0.06069827079772949
 0.0625600814819336
 0.06599068641662598
 0.05935525894165039
 0.05880451202392578
 0.05850672721862793
 0.0595850944519043
 0.06192970275878906
 0.06435036659240723
 0.06205248832702637
 0.06092500686645508
 0.059937238693237305
 0.06086564064025879
 0.05997037887573242
 0.06096053123474121
 0.0615842342376709
 0.06435513496398926
 0.06565976142883301
 0.06656861305236816
 0.06711268424987793
 0.0667421817779541
 0.05890345573425293
 0.0599064826965332
 0.0596773624420166
 0.06037187576293945
 0.05989551544189453
 0.05983567237854004
 0.05874133110046387
 0.059876441955566406
 0.061163902282714844
 0.05999612808227539
 0.06527495384216309
 0.05944061279296875
 0.0595097541809082
 0.060048580169677734
 0.06118154525756836
 0.0611574649810791
 0.06414937973022461
 0.06034708023071289
 0.05948829650878906
 0.060759544372558594
 0.06018543243408203
 0.060010671615600586
 0.06070876121520996
 0.06011319160461426
 0.05985569953918457
 0.05920100212097168
 0.059976816177368164
 0.06057310104370117
 0.05943441390991211
 0.059710025787353516
 0.05937504768371582
 0.0604555606842041
 0.060159921646118164
 0.059952497482299805
 0.06058478355407715
 0.060057878494262695
 0.05921030044555664
 0.06194877624511719
 0.0625147819519043
 0.06978297233581543
 0.0630342960357666
 0.05955243110656738
 0.06177544593811035
 0.06411981582641602
 0.06250977516174316
 0.06348967552185059
 0.06107449531555176
 0.06253933906555176
 0.06057906150817871
 0.05874347686767578
 0.05887007713317871
 0.0597224235534668
 0.05968046188354492
 0.06059527397155762
 0.060569047927856445
 0.06123971939086914
 0.06177330017089844
 0.061101675033569336
 0.06483745574951172
 0.07554244995117188
 0.06898379325866699
 0.0642998218536377
 0.06144118309020996
 0.05936002731323242
 0.060218095779418945
 0.06505537033081055
 0.06322360038757324
 0.0618131160736084
 0.06183600425720215
 0.060779571533203125
 0.06201744079589844
 0.0587918758392334
 0.05894827842712402
 0.05995655059814453
 0.05853390693664551
 0.06042337417602539
 0.060550689697265625
 0.06004929542541504
 0.060761213302612305
 0.05928826332092285
 0.0593571662902832
 0.06003618240356445
 0.059781789779663086
 0.060195207595825195
 0.060146331787109375
 0.06133389472961426
 0.06217312812805176
 0.06110644340515137
 0.060362815856933594
 0.05966830253601074
 0.06267261505126953
 0.059552907943725586
 0.06013798713684082
 0.061431169509887695
 0.06364679336547852
 0.06150698661804199
 0.06074166297912598
 0.061226844787597656
 0.06070899963378906
 0.0596318244934082
 0.05878877639770508
 0.05913400650024414
 0.05883145332336426
 0.05972790718078613
 0.059833526611328125
 0.059676408767700195
 0.05968141555786133
 0.06158185005187988
 0.06357455253601074
 0.06110405921936035
 0.061582088470458984
 0.06221413612365723
 0.06140589714050293
 0.061568498611450195
 0.06194615364074707
 0.06121683120727539
 0.06373405456542969
 0.058800458908081055
 0.05906224250793457
 0.058875322341918945
 0.0599360466003418
 0.06050467491149902
 0.059715986251831055
 0.06044292449951172
 0.05981087684631348
 0.05988287925720215
 0.05974149703979492
 0.05922389030456543
 0.06209254264831543
 0.06178164482116699
 0.06026172637939453
 0.06346845626831055
 0.06364679336547852
 0.0624394416809082
 0.06409406661987305
 0.0634603500366211
 0.06168866157531738
 0.05944681167602539
 0.05948591232299805
 0.06026029586791992
 0.0594027042388916
 0.059586524963378906
 0.06030583381652832
 0.059694528579711914
 0.059179067611694336
 0.05917072296142578
 0.06069064140319824
 0.06242823600769043
 0.06156444549560547
 0.06310343742370605
 0.05916762351989746
 0.060098886489868164
 0.05949211120605469
 0.06137490272521973
 0.06032848358154297
 0.06040692329406738
 0.060178518295288086
 0.060103416442871094
 0.06027984619140625
 0.059268951416015625
 0.05957794189453125
 0.058957576751708984
 0.05833888053894043
 0.05971813201904297
 0.05843615531921387
 0.05971169471740723
 0.06227374076843262
 0.06082582473754883
 0.061125755310058594
 0.05930328369140625
 0.06186175346374512
 0.060192108154296875
 0.06083393096923828
 0.05963397026062012
 0.05827498435974121
 0.05834770202636719
 0.05853629112243652
 0.05866551399230957
 0.06028556823730469
 0.06136202812194824
 0.06365013122558594
 0.06016945838928223
 0.05907893180847168
 0.058820486068725586
 0.05825495719909668
 0.0588994026184082
 0.058931589126586914
 0.05955910682678223
 0.05942869186401367
 0.05929708480834961
 0.05981755256652832
 0.06115269660949707
 0.061403751373291016
 0.06184196472167969
 0.06166386604309082
 0.06155896186828613
 0.07419228553771973
 0.0703427791595459
 0.0805063247680664
 0.06119370460510254
 0.05956625938415527
 0.05975008010864258
 0.05996823310852051
 0.06158733367919922
 0.06433844566345215
 0.06461811065673828
 0.061319828033447266
 0.060135841369628906
 0.06045055389404297
 0.05925297737121582
 0.05953216552734375
 0.0595550537109375
 0.060987234115600586
 0.06071162223815918
 0.06154465675354004
 0.06273531913757324
 0.06124734878540039
 0.062039852142333984
 0.061765193939208984
 0.062279462814331055
 0.06262969970703125
 0.06503057479858398
 0.06290078163146973
 0.06334662437438965
 0.06143951416015625
 0.059865713119506836
 0.05973625183105469
 0.05980801582336426
 0.06268930435180664
 0.05983853340148926
 0.06007242202758789
 0.06360936164855957
 0.06516313552856445
 0.06481289863586426
 0.06218123435974121
 0.06071925163269043
 0.06204628944396973
 0.06285405158996582
 0.05951285362243652
 0.06378817558288574
 0.06364321708679199
 0.06479692459106445
 0.06555056571960449
 0.06585192680358887
 0.06160759925842285
 0.06257987022399902
 0.06192493438720703
 0.06288433074951172
 0.061362266540527344
 0.05947613716125488
 0.07064270973205566
 0.06296348571777344
 0.06077933311462402
 0.060569047927856445
 0.06067204475402832
 0.061139822006225586
 0.06203103065490723
 0.06194114685058594
 0.060759544372558594
 0.07514166831970215
 0.06018781661987305
 0.06000041961669922
 0.060129642486572266
 0.05947136878967285
 0.06530117988586426
 0.07545280456542969
 0.06041407585144043
 0.06013798713684082
 0.05980038642883301
 0.06258058547973633
 0.06155657768249512
 0.05930185317993164
 0.06338024139404297
 0.06768012046813965
 0.06314945220947266
 0.060152292251586914
 0.06106090545654297
 0.05907845497131348
 0.06042885780334473
 0.06441116333007812
 0.06330561637878418
 0.05990910530090332
 0.06363081932067871
 0.0607302188873291
 0.06149768829345703
 0.06298494338989258
 0.06525397300720215
 0.06942415237426758
 0.06776237487792969
 0.06915736198425293
 0.06057929992675781
 0.06134629249572754
 0.07431769371032715
 0.06792163848876953
 0.06800341606140137
 0.0669090747833252
 0.06876420974731445
 0.06727147102355957
 0.0659034252166748
 0.06499934196472168
 0.06946301460266113
 0.07803726196289062
 0.06830263137817383
 0.06506180763244629
 0.0655982494354248
 0.06615710258483887
 0.06807422637939453
 0.06916260719299316
 0.06605982780456543
 0.07119274139404297
 0.08128857612609863
 0.06807851791381836
 0.06313729286193848
 0.06385207176208496
 0.06090092658996582
 0.06031394004821777
 0.06029319763183594
 0.06167268753051758
 0.06098508834838867
 0.06858539581298828
 0.059600830078125
 0.05912184715270996
 0.06112980842590332
 0.05919480323791504
 0.059639930725097656
 0.05995535850524902
 0.059209585189819336
 0.06590795516967773
 0.06015276908874512
 0.062287330627441406
 0.06871247291564941
 0.06797122955322266
 0.0688924789428711
 0.05971384048461914
 0.061335086822509766
 0.06448817253112793
 0.06346845626831055
 0.05926060676574707
 0.05954623222351074
 0.061399221420288086
 0.06287074089050293
 0.06229710578918457
 0.05965256690979004
 0.05971837043762207
 0.06012606620788574
 0.06008338928222656
 0.06307172775268555
 0.0609281063079834
 0.059540748596191406
 0.06224560737609863
 0.061345577239990234
 0.05989480018615723
 0.06055808067321777
 0.061339378356933594
 0.06028628349304199
 0.0612645149230957
 0.06218576431274414
 0.08314085006713867
 0.060402631759643555
 0.061016082763671875
 0.06362628936767578
 0.0615236759185791
 0.06803345680236816
 0.06415605545043945
 0.06878256797790527
 0.061270713806152344
 0.060701608657836914
 0.06134438514709473
 0.06093549728393555
 0.061652421951293945
 0.0617520809173584
 0.062149763107299805
 0.06126904487609863
 0.061423540115356445
 0.06212353706359863
 0.061528921127319336
 0.06182527542114258
 0.06122851371765137
 0.06113886833190918
 0.06302332878112793
 0.061284542083740234
 0.06128287315368652
 0.061128854751586914
 0.0607149600982666
 0.059737443923950195
 0.05944061279296875
 0.05976605415344238
 0.06348514556884766
 0.05914115905761719
 0.05964994430541992
 0.05951690673828125
 0.05944490432739258
 0.07336187362670898
 0.06444311141967773
 0.059345245361328125
 0.06155967712402344
 0.060648202896118164
 0.05934309959411621
 0.05916619300842285
 0.059064626693725586
 0.0596919059753418
 0.05926990509033203
 0.05945920944213867
 0.05982518196105957
 0.06100773811340332
 0.06013011932373047
 0.05934476852416992
 0.05961489677429199
 0.06044340133666992
 0.059793949127197266
 0.06215167045593262
 0.06018519401550293
 0.05941343307495117
 0.06116461753845215
 0.0600283145904541
 0.06273126602172852
 0.060327768325805664
 0.059834957122802734
 0.06024169921875
 0.06114339828491211
 0.0609891414642334
 0.07114624977111816
 0.06436395645141602
 0.0609898567199707
 0.05974602699279785
 0.06065487861633301
 0.060127973556518555
 0.059699058532714844
 0.05946755409240723
 0.05968737602233887
 0.05975151062011719
 0.06276774406433105
 0.060364484786987305
 0.05975937843322754
 0.06505489349365234
 0.07567620277404785
 0.0602414608001709
 0.059972524642944336
 0.06096673011779785
 0.05934786796569824
 0.06038928031921387
 0.05955219268798828
 0.05958247184753418
 0.06041860580444336
 0.06718111038208008
 0.06931948661804199
 0.07150983810424805
 0.0673980712890625
 0.05980062484741211
 0.05890464782714844
 0.05938386917114258
 0.059186697006225586
 0.05904793739318848
 0.060152530670166016
 0.06819486618041992
 0.06642508506774902
 0.06350421905517578
 0.06316876411437988
 0.06451225280761719
 0.0659492015838623
 0.0640256404876709
 0.061952829360961914
 0.06353497505187988
 0.06110835075378418
 0.060129642486572266
 0.05859041213989258
 0.05886125564575195
 0.0621495246887207
 0.06244659423828125
 0.06268668174743652
 0.06255435943603516
 0.0648951530456543
 0.06526017189025879
 0.06263136863708496
 0.06023263931274414
 0.05973386764526367
 0.05936145782470703
 0.05983090400695801
 0.05911564826965332
 0.059671878814697266
 0.06030464172363281
 0.061740875244140625
 0.060208797454833984
 0.06147265434265137
 0.06084418296813965
 0.059561967849731445
 0.06084632873535156
 0.059793710708618164
 0.06103062629699707
 0.05964851379394531
 0.06463932991027832
 0.05940985679626465
 0.058851003646850586
 0.059977054595947266
 0.05923938751220703
 0.059204816818237305
 0.06121206283569336
 0.05933737754821777
 0.05928635597229004
 0.05972456932067871
 0.06001877784729004
 0.05972909927368164
 0.06021857261657715
 0.05892229080200195
 0.05846738815307617
 0.05918073654174805
 0.059394121170043945
 0.0586857795715332
 0.06030106544494629
 0.05911517143249512
 0.0590367317199707
 0.05900931358337402
 0.05967259407043457
 0.059128522872924805
 0.06036019325256348
 0.05933427810668945
 0.05944347381591797
 0.05944013595581055
 0.059027671813964844
 0.05913281440734863
 0.060213565826416016
 0.059394121170043945
 0.05877518653869629
 0.059303998947143555
 0.05986785888671875
 0.06046724319458008
 0.05942106246948242
 0.05900216102600098
 0.060208797454833984
 0.060623884201049805
 0.05997443199157715
 0.05879974365234375
 0.06126999855041504
 0.05897855758666992
 0.058631181716918945
 0.05878257751464844
 0.05932950973510742
 0.058928489685058594
 0.058943986892700195
 0.059166669845581055
 0.0598146915435791
 0.05940723419189453
 0.05876731872558594
 0.05906867980957031
 0.059819936752319336
 0.05891108512878418
 0.059484243392944336
 0.05942177772521973
 0.05858588218688965
 0.05877375602722168
 0.05853128433227539
 0.05863022804260254
 0.05916738510131836
 0.05881524085998535
 0.059157371520996094
 0.058873891830444336
 0.06010580062866211
 0.05944633483886719
 0.05955648422241211
 0.05894351005554199
 0.059575796127319336
 0.05983257293701172
 0.05930352210998535
 0.059629201889038086
 0.05869483947753906
 0.058713674545288086
 0.05884099006652832
 0.0596463680267334
 0.05946063995361328
 0.05883049964904785
 0.05915522575378418
 0.059966087341308594
 0.058825016021728516
 0.05916881561279297
 0.06441092491149902
 0.058440208435058594
 0.05976533889770508
 0.05959463119506836
 0.05934548377990723
 0.05878019332885742
 0.06093454360961914
 0.05899643898010254
 0.05885004997253418
 0.058898210525512695
 0.058988094329833984
 0.05895185470581055
 0.05924272537231445
 0.0603175163269043
 0.05897068977355957
 0.05872511863708496
 0.059332847595214844
 0.05974292755126953
 0.059520721435546875
 0.058648109436035156
 0.059165000915527344
 0.059192657470703125
 0.05890488624572754
 0.05926084518432617
 0.05958962440490723
 0.05918717384338379
 0.05887961387634277
 0.05883336067199707
 0.059815406799316406
 0.05926513671875
 0.05928301811218262
 0.05878853797912598
 0.05895709991455078
 0.05897855758666992
 0.05911874771118164
 0.059659719467163086
 0.059709787368774414
 0.05938124656677246
 0.059172868728637695
 0.05845975875854492
 0.05937552452087402
 0.05982637405395508
 0.05860018730163574
 0.05843496322631836
 0.05830121040344238
 0.05923175811767578
 0.06803369522094727
 0.060009002685546875
 0.05897974967956543
 0.05888938903808594
 0.058156490325927734
 0.0587620735168457
 0.05893588066101074
 0.05898427963256836
 0.05895495414733887
 0.0592954158782959
 0.06028032302856445
 0.05850577354431152
 0.0606842041015625
 0.05849647521972656
 0.05914473533630371
 0.05900287628173828
 0.058856964111328125
 0.0586848258972168
 0.05850481986999512
 0.05818986892700195
 0.05892491340637207
 0.058769941329956055
 0.05867195129394531
 0.058380842208862305
 0.05866813659667969
 0.059217214584350586
 0.05880427360534668
 0.058176517486572266
 0.05886578559875488
 0.05983853340148926
 0.05893301963806152
 0.05882525444030762
 0.05889391899108887
 0.05925607681274414
 0.058438777923583984
 0.05872392654418945
 0.058687448501586914
 0.05893993377685547
 0.05864095687866211
 0.05909538269042969
 0.05910444259643555
 0.059493064880371094
 0.059314727783203125
 0.0584559440612793
 0.058913469314575195
 0.059186458587646484
 0.05906391143798828
 0.0601048469543457
 0.059458255767822266
 0.05920219421386719
 0.059189796447753906
 0.05885457992553711
 0.05905461311340332
 0.060297250747680664
 0.05878496170043945
 0.05906939506530762
 0.05967354774475098
 0.05912137031555176
 0.059247493743896484
 0.05892348289489746
 0.059320926666259766
 0.05918693542480469
 0.0596160888671875
 0.059622764587402344
 0.05927085876464844
 0.0587313175201416
 0.05856609344482422
 0.058939218521118164
 0.0592038631439209
 0.0596163272857666
 0.05907750129699707
 0.05910348892211914
 0.0596613883972168
 0.060849905014038086
 0.059151411056518555
 0.0589604377746582
 0.05867195129394531
 0.05973482131958008
 0.058858394622802734
 0.059052467346191406
 0.05875754356384277
 0.058683156967163086
 0.0596776008605957
 0.059233665466308594
 0.0599977970123291
 0.059670209884643555
 0.06029868125915527
 0.0596468448638916
 0.058882713317871094
 0.05975914001464844
 0.06017637252807617
 0.05933642387390137
 0.05831599235534668
 0.05917096138000488
 0.05848360061645508
 0.05861854553222656
 0.05859112739562988
 0.05863046646118164
 0.05901479721069336
 0.059343814849853516
 0.05976295471191406
 0.060427188873291016
 0.058954715728759766
 0.059584856033325195
 0.06247901916503906
 0.05971074104309082
 0.05926346778869629
 0.0591130256652832
 0.059244394302368164
 0.05904388427734375
 0.05865812301635742
 0.05919814109802246
 0.0589900016784668
 0.058868408203125
 0.05847764015197754
 0.05886054039001465
 0.05839896202087402
 0.05831193923950195
 0.059122562408447266
 0.0583958625793457
 0.05917024612426758
 0.059287071228027344
 0.05888700485229492
 0.05968952178955078
 0.05876326560974121
 0.05893135070800781
 0.05875754356384277
 0.05864119529724121
 0.058660268783569336
 0.05947375297546387
 0.0587468147277832
 0.05861949920654297
 0.05986428260803223
 0.05933880805969238
 0.059290170669555664
 0.058559417724609375
 0.05947399139404297
 0.058866262435913086
 0.05941939353942871
 0.059060096740722656
 0.0596919059753418
 0.05980706214904785
 0.05977916717529297
 0.05934643745422363
 0.05970287322998047
 0.059136152267456055
 0.059671878814697266
 0.06000041961669922
 0.058870792388916016
 0.05995631217956543
 0.05919361114501953
 0.05956912040710449
 0.060415029525756836
 0.05951356887817383
 0.0597531795501709
 0.059332847595214844
 0.05928921699523926
 0.05912899971008301
 0.05896425247192383
 0.05827641487121582
 0.05937004089355469
 0.05931353569030762
 0.05878710746765137
 0.05939936637878418
 0.05828118324279785
 0.058878183364868164
 0.05874800682067871
 0.059281349182128906
 0.058684349060058594
 0.058847904205322266
 0.059484243392944336
 0.05875539779663086
 0.05900406837463379
 0.05907273292541504
 0.05924868583679199
