 0.06879162788391113
 0.06226468086242676
 0.06072282791137695
 0.060304880142211914
 0.0639503002166748
 0.06183910369873047
 0.06141066551208496
 0.0636298656463623
 0.06072402000427246
 0.062230587005615234
 0.07120180130004883
 0.06408071517944336
 0.06521320343017578
 0.06750917434692383
 0.0664370059967041
 0.06428289413452148
 0.06351280212402344
 0.06467175483703613
 0.06388616561889648
 0.06114506721496582
 0.05932903289794922
 0.059243202209472656
 0.05887031555175781
 0.06249856948852539
 0.06160593032836914
 0.0619969367980957
 0.06182074546813965
 0.06005859375
 0.060889482498168945
 0.0599820613861084
 0.06264424324035645
 0.05956411361694336
 0.05945873260498047
 0.05976390838623047
 0.06230664253234863
 0.062281131744384766
 0.06034255027770996
 0.060472965240478516
 0.06018233299255371
 0.06040453910827637
 0.060070037841796875
 0.059833526611328125
 0.059687137603759766
 0.05947089195251465
 0.05931878089904785
 0.05895829200744629
 0.059285879135131836
 0.05877232551574707
 0.05887627601623535
 0.05872750282287598
 0.05894303321838379
 0.058890342712402344
 0.06037020683288574
 0.059058189392089844
 0.05922651290893555
 0.05924367904663086
 0.06232619285583496
 0.060530900955200195
 0.05956840515136719
 0.061274051666259766
 0.06103181838989258
 0.059198617935180664
 0.05920052528381348
 0.05920529365539551
 0.05910968780517578
 0.05942487716674805
 0.06207537651062012
 0.05940961837768555
 0.05995535850524902
 0.05936574935913086
 0.05900263786315918
 0.058829307556152344
 0.05912303924560547
 0.05958724021911621
 0.059108734130859375
 0.05902433395385742
 0.05910158157348633
 0.05944061279296875
 0.07186031341552734
 0.06320071220397949
 0.060727596282958984
 0.06516885757446289
 0.06452751159667969
 0.06468939781188965
 0.06477546691894531
 0.06311607360839844
 0.0623629093170166
 0.061446428298950195
 0.06281709671020508
 0.06103825569152832
 0.06036639213562012
 0.05908060073852539
 0.05895805358886719
 0.05862236022949219
 0.059023141860961914
 0.05947160720825195
 0.05950570106506348
 0.0603024959564209
 0.06200718879699707
 0.060010433197021484
 0.06044816970825195
 0.06044960021972656
 0.0606536865234375
 0.06022906303405762
 0.06002020835876465
 0.0613861083984375
 0.05941295623779297
 0.05916452407836914
 0.05899238586425781
 0.059020280838012695
 0.05872535705566406
 0.058974266052246094
 0.058504581451416016
 0.05879640579223633
 0.058812856674194336
 0.058812618255615234
 0.06049036979675293
 0.058994293212890625
 0.05890202522277832
 0.060712337493896484
 0.05894827842712402
 0.05901336669921875
 0.059134721755981445
 0.059076547622680664
 0.05922532081604004
 0.05920052528381348
 0.05901074409484863
 0.059217214584350586
 0.05887579917907715
 0.05892157554626465
 0.06187629699707031
 0.059113264083862305
 0.059636831283569336
 0.05906033515930176
 0.059227705001831055
 0.05961275100708008
 0.0594630241394043
 0.05923914909362793
 0.059502363204956055
 0.05942082405090332
 0.05922269821166992
 0.05936145782470703
 0.05917239189147949
 0.05932974815368652
 0.05942845344543457
 0.05911517143249512
 0.05920696258544922
 0.06323695182800293
 0.06461811065673828
 0.05944395065307617
 0.060083627700805664
 0.05943608283996582
 0.060424089431762695
 0.062280893325805664
 0.0623631477355957
 0.0611720085144043
 0.06043696403503418
 0.05900859832763672
 0.058710575103759766
 0.05950164794921875
 0.05912590026855469
 0.05961799621582031
 0.05963730812072754
 0.06051802635192871
 0.06276535987854004
 0.06330609321594238
 0.06401205062866211
 0.06328225135803223
 0.06287360191345215
 0.05934786796569824
 0.0583345890045166
 0.059037208557128906
 0.059036970138549805
 0.06019091606140137
 0.06004953384399414
 0.06050729751586914
 0.06262874603271484
 0.06054067611694336
 0.06092476844787598
 0.06137895584106445
 0.059082984924316406
 0.05917096138000488
 0.0595088005065918
 0.05921578407287598
 0.06019139289855957
 0.05926799774169922
 0.05977296829223633
 0.0606839656829834
 0.06006598472595215
 0.06179165840148926
 0.060487985610961914
 0.06055283546447754
 0.061986446380615234
 0.061768293380737305
 0.06014132499694824
 0.06148791313171387
 0.06500720977783203
 0.05938410758972168
 0.05924177169799805
 0.059249162673950195
 0.05910229682922363
 0.05916714668273926
 0.05898904800415039
 0.05898785591125488
 0.059212446212768555
 0.05907750129699707
 0.059204816818237305
 0.05933523178100586
 0.05925488471984863
 0.059642791748046875
 0.06441307067871094
 0.06409406661987305
 0.064117431640625
 0.06207442283630371
 0.0606992244720459
 0.060431480407714844
 0.05897831916809082
 0.059629201889038086
 0.06282782554626465
 0.05913829803466797
 0.05933094024658203
 0.06086921691894531
 0.06080985069274902
 0.05919361114501953
 0.06277799606323242
 0.06040787696838379
 0.059499263763427734
 0.06180143356323242
 0.059305429458618164
 0.06438469886779785
 0.06284284591674805
 0.060637712478637695
 0.060070037841796875
 0.06918692588806152
 0.0643930435180664
 0.0633542537689209
 0.0639808177947998
 0.06373381614685059
 0.06358003616333008
 0.06392908096313477
 0.0640108585357666
 0.0639336109161377
 0.06402301788330078
 0.06321477890014648
 0.0639638900756836
 0.06382989883422852
 0.06185626983642578
 0.06398773193359375
 0.06265139579772949
 0.062061309814453125
 0.06427931785583496
 0.06278395652770996
 0.0612335205078125
 0.059438228607177734
 0.059188127517700195
 0.05907487869262695
 0.05929088592529297
 0.059206485748291016
 0.05917859077453613
 0.059316158294677734
 0.059567928314208984
 0.0595545768737793
 0.059110164642333984
 0.05965924263000488
 0.059233903884887695
 0.05907392501831055
 0.05915522575378418
 0.059508562088012695
 0.058954715728759766
 0.05937838554382324
 0.05927562713623047
 0.059061527252197266
 0.0589907169342041
 0.05926990509033203
 0.05917692184448242
 0.0592498779296875
 0.05901598930358887
 0.059531211853027344
 0.0590364933013916
 0.05924487113952637
 0.0594484806060791
 0.059531450271606445
 0.05942368507385254
 0.059679269790649414
 0.05961751937866211
 0.05950498580932617
 0.05946493148803711
 0.05934000015258789
 0.05964374542236328
 0.05928635597229004
 0.05912280082702637
 0.059456586837768555
 0.059577226638793945
 0.0595090389251709
 0.06044602394104004
 0.060132503509521484
 0.05947232246398926
 0.059754371643066406
 0.05932044982910156
 0.05956745147705078
 0.059201717376708984
 0.0593256950378418
 0.0597224235534668
 0.05958724021911621
 0.05932760238647461
 0.05961179733276367
 0.05980277061462402
 0.0592961311340332
 0.06036567687988281
 0.0596768856048584
 0.059519052505493164
 0.0594484806060791
 0.059001922607421875
 0.059407949447631836
 0.05929994583129883
 0.05897688865661621
 0.05915951728820801
 0.06338191032409668
 0.06784391403198242
 0.0628049373626709
 0.06083869934082031
 0.059380292892456055
 0.05917215347290039
 0.05931687355041504
 0.0589594841003418
 0.0592799186706543
 0.058957576751708984
 0.05950355529785156
 0.05915522575378418
 0.059290170669555664
 0.05979490280151367
 0.05902695655822754
 0.05930805206298828
 0.05953264236450195
 0.05937528610229492
 0.059525251388549805
 0.05931687355041504
 0.059316396713256836
 0.0593719482421875
 0.05945754051208496
 0.05953645706176758
 0.05939674377441406
 0.05890226364135742
 0.059409379959106445
 0.06041145324707031
 0.05937552452087402
 0.05929923057556152
 0.0594792366027832
 0.05925798416137695
 0.059309959411621094
 0.059412479400634766
 0.060086965560913086
 0.059935569763183594
 0.05960202217102051
 0.05955219268798828
 0.059576988220214844
 0.059600114822387695
 0.05976748466491699
 0.05951809883117676
 0.05910325050354004
 0.06657576560974121
 0.058919429779052734
 0.05854487419128418
 0.05860328674316406
 0.05842328071594238
 0.05921220779418945
 0.05996084213256836
 0.06130170822143555
 0.05949759483337402
 0.0588381290435791
 0.05991172790527344
 0.061289310455322266
 0.0596311092376709
 0.05949664115905762
 0.06236577033996582
 0.05955147743225098
 0.059648990631103516
 0.061934709548950195
 0.05967831611633301
 0.059523582458496094
 0.0611269474029541
 0.06258964538574219
 0.05878281593322754
 0.05880284309387207
 0.05878567695617676
 0.05868411064147949
 0.05847334861755371
 0.05866599082946777
 0.05893850326538086
 0.058625221252441406
 0.05865311622619629
 0.05872607231140137
 0.058988094329833984
 0.05872511863708496
 0.058775901794433594
 0.05895042419433594
 0.05897712707519531
 0.0589900016784668
 0.058789968490600586
 0.05944085121154785
 0.060723066329956055
 0.0621333122253418
 0.06074666976928711
 0.06297802925109863
 0.05992245674133301
 0.05856752395629883
 0.062325477600097656
 0.061193227767944336
 0.0613560676574707
 0.06118583679199219
 0.0629129409790039
 0.06197166442871094
 0.06279206275939941
 0.0618433952331543
 0.06290841102600098
 0.061124324798583984
 0.06193995475769043
 0.06179618835449219
 0.06208157539367676
 0.0613253116607666
 0.06911206245422363
 0.06290197372436523
 0.06412053108215332
 0.06293487548828125
 0.06277179718017578
 0.06276369094848633
 0.06832003593444824
 0.06025838851928711
 0.06019282341003418
 0.061232566833496094
 0.061183929443359375
 0.06018805503845215
 0.061951398849487305
 0.06208634376525879
 0.062264204025268555
 0.06141948699951172
 0.06262445449829102
 0.05977606773376465
 0.05902886390686035
 0.05848288536071777
 0.058725595474243164
 0.05885052680969238
 0.05944323539733887
 0.05967354774475098
 0.05982708930969238
 0.060442447662353516
 0.05961799621582031
 0.05972456932067871
 0.05970883369445801
 0.05961441993713379
 0.05967879295349121
 0.05985546112060547
 0.059668779373168945
 0.05967831611633301
 0.05928349494934082
 0.05957841873168945
 0.059458017349243164
 0.061855316162109375
 0.059374094009399414
 0.06168508529663086
 0.062203168869018555
 0.06197404861450195
 0.06324005126953125
 0.06303143501281738
 0.0634622573852539
 0.061620235443115234
 0.06304550170898438
 0.0624849796295166
 0.06274867057800293
 0.0623936653137207
 0.0631864070892334
 0.07043170928955078
 0.05982661247253418
 0.06026959419250488
 0.05952191352844238
 0.059859275817871094
 0.06094074249267578
 0.06040310859680176
 0.0611271858215332
 0.06456804275512695
 0.06360840797424316
 0.05984807014465332
 0.06078076362609863
 0.059458017349243164
 0.05990767478942871
 0.05948281288146973
 0.05936384201049805
 0.059354543685913086
 0.05950808525085449
 0.060056447982788086
 0.05976510047912598
 0.059487342834472656
 0.06014418601989746
 0.05907464027404785
 0.05950498580932617
 0.059767961502075195
 0.05972409248352051
 0.05979204177856445
 0.05946826934814453
 0.05959773063659668
 0.05959463119506836
 0.05955672264099121
 0.059757232666015625
 0.05970048904418945
 0.05976986885070801
 0.060302019119262695
 0.059229373931884766
 0.05970287322998047
 0.06313562393188477
 0.05965018272399902
 0.059601783752441406
 0.06000804901123047
 0.05980944633483887
 0.05970597267150879
 0.06116199493408203
 0.06186223030090332
 0.06323480606079102
 0.062238216400146484
 0.06644988059997559
 0.07243943214416504
 0.06181931495666504
 0.06627941131591797
 0.061281442642211914
 0.060205698013305664
 0.05919384956359863
 0.05865788459777832
 0.05853891372680664
 0.05843162536621094
 0.058777809143066406
 0.0594482421875
 0.06023097038269043
 0.06212186813354492
 0.06108665466308594
 0.061510324478149414
 0.06245994567871094
 0.06179451942443848
 0.061716318130493164
 0.06152057647705078
 0.06151986122131348
 0.06054186820983887
 0.06062436103820801
 0.06032872200012207
 0.06077718734741211
 0.05948138236999512
 0.05923724174499512
 0.05922651290893555
 0.05981850624084473
 0.06687283515930176
 0.059320926666259766
 0.061892032623291016
 0.06357932090759277
 0.06412959098815918
 0.06273818016052246
 0.0641171932220459
 0.06291961669921875
 0.06454133987426758
 0.0639805793762207
 0.06342387199401855
 0.06415963172912598
 0.06421065330505371
 0.06432580947875977
 0.06419825553894043
 0.06327176094055176
 0.06468701362609863
 0.06374073028564453
 0.06261706352233887
 0.06205582618713379
 0.061553955078125
 0.06101703643798828
 0.06278204917907715
 0.06146430969238281
 0.06196141242980957
 0.06224179267883301
 0.06174516677856445
 0.06235480308532715
 0.0618131160736084
 0.06502485275268555
 0.0618131160736084
 0.06358885765075684
 0.06299161911010742
 0.0628502368927002
 0.06109046936035156
 0.06151700019836426
 0.06101417541503906
 0.06140732765197754
 0.06139969825744629
 0.06185293197631836
 0.06276178359985352
 0.06265878677368164
 0.061609506607055664
 0.062485694885253906
 0.06338787078857422
 0.061141252517700195
 0.06165194511413574
 0.061983346939086914
 0.061482906341552734
 0.06037163734436035
 0.0606231689453125
 0.06047677993774414
 0.06073451042175293
 0.060584306716918945
 0.06125068664550781
 0.06082320213317871
 0.05998849868774414
 0.059554338455200195
 0.06016111373901367
 0.059816837310791016
 0.05927634239196777
 0.059351205825805664
 0.05942535400390625
 0.05929732322692871
 0.061641693115234375
 0.06628036499023438
 0.06697463989257812
 0.06319761276245117
 0.06330299377441406
 0.06301021575927734
 0.06311297416687012
 0.06323981285095215
 0.0626530647277832
 0.0635519027709961
 0.06371951103210449
 0.06417274475097656
 0.0640108585357666
 0.06582069396972656
 0.06320881843566895
 0.0625159740447998
 0.06456804275512695
 0.06434178352355957
 0.06190347671508789
 0.061920881271362305
 0.06194138526916504
 0.06045937538146973
 0.06058764457702637
 0.06089210510253906
 0.06090998649597168
 0.060608863830566406
 0.06104445457458496
 0.06094193458557129
 0.06190800666809082
 0.06401515007019043
 0.061904191970825195
 0.06249690055847168
 0.06533169746398926
 0.06463146209716797
 0.06383419036865234
 0.061020612716674805
 0.0600895881652832
 0.06076383590698242
 0.0595548152923584
 0.06037759780883789
 0.07443356513977051
 0.06592631340026855
 0.05953550338745117
 0.05962800979614258
 0.05920052528381348
 0.059032440185546875
 0.05849647521972656
 0.0588994026184082
 0.05857539176940918
 0.058888912200927734
 0.058788299560546875
 0.05875086784362793
 0.05920267105102539
 0.05958867073059082
 0.059471845626831055
 0.06250810623168945
 0.06167769432067871
 0.06371164321899414
 0.06506061553955078
 0.06074357032775879
 0.061089277267456055
 0.06328701972961426
 0.061333656311035156
 0.06201934814453125
 0.06198716163635254
 0.06279540061950684
 0.06346559524536133
 0.06384754180908203
 0.06365489959716797
 0.060979366302490234
 0.06082749366760254
 0.0609588623046875
 0.06227517127990723
 0.062330007553100586
 0.061553955078125
 0.059241533279418945
 0.058777809143066406
 0.05872607231140137
 0.05912947654724121
 0.059324026107788086
 0.0610651969909668
 0.06263542175292969
 0.06140923500061035
 0.06054353713989258
 0.0632483959197998
 0.06035637855529785
 0.06308412551879883
 0.06134796142578125
 0.06405186653137207
 0.06301569938659668
 0.06177639961242676
 0.06171417236328125
 0.05919170379638672
 0.05921363830566406
 0.059252023696899414
 0.05895042419433594
 0.05928683280944824
 0.06353378295898438
 0.06901669502258301
 0.07977080345153809
 0.06180739402770996
 0.061479806900024414
 0.06231427192687988
 0.06496906280517578
 0.0638282299041748
 0.06376886367797852
 0.0648653507232666
 0.06331133842468262
 0.0627739429473877
 0.06270194053649902
 0.062220096588134766
 0.06285572052001953
 0.05982327461242676
 0.06017613410949707
 0.06110072135925293
 0.06033754348754883
 0.06029772758483887
 0.05983567237854004
 0.059801340103149414
 0.05981898307800293
 0.06162714958190918
 0.06088542938232422
 0.05962419509887695
 0.060394287109375
 0.06048989295959473
 0.05990719795227051
 0.060123443603515625
 0.060967445373535156
 0.060691118240356445
 0.06183981895446777
 0.06456160545349121
 0.06129884719848633
 0.06434345245361328
 0.06291055679321289
 0.06391477584838867
 0.0658564567565918
 0.06556820869445801
 0.06429123878479004
 0.06393790245056152
 0.06277966499328613
 0.06504464149475098
 0.06210160255432129
 0.06113004684448242
 0.061369895935058594
 0.06454133987426758
 0.06469082832336426
 0.06394553184509277
 0.06436371803283691
 0.06473779678344727
 0.06507086753845215
 0.061133384704589844
 0.06032252311706543
 0.060347557067871094
 0.061220407485961914
 0.06121706962585449
 0.06014680862426758
 0.05984687805175781
 0.059842824935913086
 0.06372475624084473
 0.06342744827270508
 0.059761762619018555
 0.05945277214050293
 0.05962967872619629
 0.06123948097229004
 0.0617220401763916
 0.05949807167053223
 0.0595393180847168
 0.05994868278503418
 0.05946540832519531
 0.05976700782775879
 0.06011772155761719
 0.05955696105957031
 0.05919313430786133
 0.05938124656677246
 0.05952572822570801
 0.05928325653076172
 0.05937075614929199
 0.05950498580932617
 0.05945158004760742
 0.059594154357910156
 0.05948448181152344
 0.05962562561035156
 0.059516191482543945
 0.05938553810119629
 0.05968666076660156
 0.06131124496459961
 0.06245756149291992
 0.07764220237731934
 0.06820869445800781
 0.06001162528991699
 0.06644606590270996
 0.06229352951049805
 0.062447309494018555
 0.0621795654296875
 0.06462574005126953
 0.06388711929321289
 0.06915712356567383
 0.06142473220825195
 0.060469865798950195
 0.061231374740600586
 0.06048464775085449
 0.06084418296813965
 0.060170888900756836
 0.059931039810180664
 0.059412240982055664
 0.0587611198425293
 0.05907797813415527
 0.05883646011352539
 0.06023979187011719
 0.06103110313415527
 0.06084609031677246
 0.0612943172454834
 0.060457706451416016
 0.060324668884277344
 0.06761813163757324
 0.06061744689941406
 0.06068158149719238
 0.060797929763793945
 0.06140613555908203
 0.06611776351928711
 0.06435394287109375
 0.0647575855255127
 0.0606234073638916
 0.060852766036987305
 0.06574583053588867
 0.06425118446350098
 0.0627448558807373
 0.059334754943847656
 0.0594029426574707
 0.06248831748962402
 0.05921435356140137
 0.05975174903869629
 0.059767723083496094
 0.06252789497375488
 0.06400060653686523
 0.06242537498474121
 0.05887007713317871
 0.05884432792663574
 0.05884885787963867
 0.05898022651672363
 0.0590214729309082
 0.059034109115600586
 0.05961465835571289
 0.05931591987609863
 0.05947375297546387
 0.05930328369140625
 0.059519052505493164
 0.05907130241394043
 0.05922293663024902
 0.05906057357788086
 0.05933260917663574
 0.0596468448638916
 0.06074714660644531
 0.05974698066711426
 0.06086993217468262
 0.05921792984008789
 0.05964088439941406
 0.059676170349121094
 0.05898165702819824
 0.05913853645324707
 0.0588834285736084
 0.05910682678222656
 0.059252262115478516
 0.05883026123046875
 0.0595853328704834
 0.059519290924072266
 0.05977344512939453
 0.0596005916595459
 0.05973958969116211
 0.07290816307067871
 0.0614016056060791
 0.05903983116149902
 0.05916643142700195
 0.059223175048828125
 0.05896759033203125
 0.0591886043548584
 0.05919480323791504
 0.05907845497131348
 0.05950570106506348
 0.05938458442687988
 0.059957265853881836
 0.0600438117980957
 0.05983090400695801
 0.059951066970825195
 0.059847354888916016
 0.05971384048461914
 0.059899330139160156
 0.05976676940917969
 0.059491872787475586
 0.05967378616333008
 0.059456586837768555
 0.05971121788024902
 0.05960440635681152
 0.05944967269897461
 0.07035040855407715
 0.061048269271850586
 0.05903053283691406
 0.05951714515686035
 0.05950570106506348
 0.059195756912231445
 0.05931544303894043
 0.059311628341674805
 0.07465457916259766
 0.059123992919921875
 0.059182167053222656
 0.05917859077453613
 0.05942940711975098
 0.05919504165649414
 0.05943465232849121
 0.05963587760925293
 0.059395790100097656
 0.05955910682678223
 0.05943799018859863
 0.059583425521850586
 0.059644222259521484
 0.05945014953613281
 0.059468746185302734
 0.059478044509887695
 0.05936861038208008
 0.059370994567871094
 0.05933833122253418
 0.0594940185546875
 0.059532880783081055
 0.05922722816467285
 0.05941152572631836
 0.059328317642211914
 0.05919003486633301
 0.05944490432739258
 0.05960726737976074
 0.059342384338378906
 0.05939912796020508
 0.059348106384277344
 0.05944228172302246
 0.05927157402038574
 0.05921649932861328
 0.0593717098236084
 0.05949258804321289
 0.05938863754272461
 0.05962848663330078
 0.059748172760009766
 0.05936431884765625
 0.05962371826171875
 0.05949902534484863
 0.059568166732788086
 0.05974555015563965
 0.059296369552612305
 0.059403181076049805
 0.059156179428100586
 0.059351444244384766
 0.059282541275024414
 0.05966615676879883
 0.059305667877197266
 0.059586524963378906
 0.05956530570983887
 0.05965065956115723
 0.05970358848571777
 0.0594942569732666
 0.059506893157958984
 0.059302330017089844
 0.05922651290893555
 0.05927324295043945
 0.05946087837219238
 0.05918765068054199
 0.059426307678222656
 0.05938458442687988
 0.05946183204650879
 0.060196876525878906
 0.05949521064758301
 0.059487104415893555
 0.05931854248046875
 0.05914902687072754
 0.05950641632080078
 0.059314727783203125
 0.059632301330566406
 0.05932736396789551
 0.0596773624420166
 0.059473276138305664
 0.05968499183654785
 0.059329986572265625
 0.05923891067504883
 0.05937385559082031
 0.05945444107055664
 0.05935859680175781
 0.05973458290100098
 0.060576438903808594
 0.06355500221252441
 0.0590207576751709
 0.059136390686035156
 0.06026649475097656
